1
0
-1
-2
-4
-5
-7
-10
-11
-13
-15
-17
-19
-21
-24
-25
-27
-29
-31
-33
-34
-34
-34
-34
-35
-35
-35
-34
-35
-34
-35
-33
-29
-27
-23
-20
-15
-10
-3
1
7
14
23
31
38
47
54
62
70
78
86
94
101
107
111
116
119
122
123
125
126
126
125
121
117
112
107
102
95
85
76
68
59
48
35
23
10
-2
-15
-28
-41
-54
-69
-83
-97
-111
-125
-138
-150
-160
-170
-179
-186
-191
-195
-199
-202
-203
-203
-200
-197
-190
-183
-175
-166
-156
-144
-133
-119
-106
-91
-75
-61
-46
-30
-14
0
15
32
47
60
73
86
100
111
122
134
146
156
164
171
177
180
183
185
184
183
182
179
176
171
165
157
147
135
123
111
99
86
73
59
47
34
23
8
-6
-20
-33
-44
-58
-68
-76
-83
-93
-100
-107
-115
-121
-127
-132
-136
-139
-142
-145
-146
-146
-145
-142
-138
-133
-127
-120
-114
-106
-95
-84
-70
-57
-45
-33
-20
-7
4
16
27
39
52
67
83
98
109
119
130
138
145
153
160
166
174
181
183
184
185
187
188
186
184
180
177
176
170
164
156
148
137
124
111
98
83
65
48
30
13
-5
-21
-37
-56
-75
-91
-108
-126
-145
-160
-172
-185
-198
-211
-222
-233
-246
-258
-268
-276
-282
-287
-289
-290
-289
-284
-281
-277
-273
-267
-260
-252
-242
-231
-217
-201
-185
-168
-152
-133
-113
-92
-72
-51
-28
-6
15
36
59
82
102
122
145
167
186
207
226
243
259
276
290
301
313
322
331
337
342
344
346
345
344
342
338
329
321
311
297
282
267
250
232
213
194
174
153
129
104
77
50
24
-1
-25
-50
-72
-94
-116
-139
-163
-186
-205
-222
-239
-254
-268
-281
-291
-300
-307
-312
-314
-313
-309
-303
-295
-285
-274
-263
-249
-232
-215
-198
-182
-164
-145
-127
-108
-89
-68
-45
-21
2
25
46
66
84
102
120
136
150
163
175
186
193
199
203
204
202
198
195
190
182
174
165
155
145
133
120
106
92
77
61
45
29
11
-7
-24
-40
-56
-70
-82
-94
-105
-114
-121
-129
-136
-144
-149
-151
-153
-155
-155
-155
-153
-150
-144
-137
-129
-121
-110
-97
-84
-70
-57
-44
-28
-12
1
15
29
42
54
64
75
84
91
100
110
120
126
133
140
146
151
154
157
158
157
157
157
155
150
144
136
127
117
108
96
85
75
65
55
45
35
24
11
-1
-13
-25
-40
-55
-67
-79
-91
-101
-109
-117
-123
-127
-129
-135
-141
-146
-148
-150
-151
-149
-148
-147
-145
-142
-138
-135
-131
-125
-116
-106
-95
-82
-68
-55
-41
-27
-12
0
14
29
41
55
68
78
88
101
114
122
131
140
147
154
160
167
172
177
179
180
178
175
170
164
157
149
142
134
126
118
110
101
89
77
65
52
36
19
3
-15
-31
-45
-61
-79
-95
-109
-123
-134
-147
-158
-165
-170
-175
-178
-181
-184
-186
-186
-188
-190
-187
-184
-181
-176
-168
-161
-156
-149
-139
-129
-118
-105
-92
-80
-66
-50
-36
-23
-9
1
14
28
39
52
64
77
92
106
117
128
140
151
157
163
168
171
171
171
173
172
170
166
161
154
146
140
131
123
116
109
101
93
83
72
59
45
31
15
0
-16
-32
-47
-64
-80
-95
-110
-125
-139
-150
-162
-174
-182
-188
-192
-195
-197
-198
-198
-195
-191
-189
-184
-177
-167
-155
-143
-127
-110
-93
-76
-56
-36
-15
4
26
48
68
88
108
128
149
170
189
206
223
241
257
270
282
293
302
310
317
318
317
313
308
299
289
275
260
244
225
201
178
154
129
104
79
54
29
4
-22
-48
-76
-103
-132
-160
-185
-206
-230
-252
-272
-292
-309
-321
-332
-344
-354
-359
-364
-367
-369
-370
-368
-362
-355
-347
-337
-324
-311
-296
-280
-261
-239
-217
-193
-167
-140
-114
-91
-66
-40
-15
8
33
58
83
106
129
152
173
193
212
230
247
264
278
292
304
314
322
330
336
338
339
337
335
333
327
319
310
301
293
281
266
249
231
210
186
161
135
110
85
60
33
10
-13
-39
-62
-87
-110
-133
-156
-177
-196
-216
-235
-253
-268
-282
-294
-302
-308
-313
-317
-318
-315
-310
-305
-296
-283
-270
-258
-243
-226
-208
-188
-168
-147
-124
-99
-73
-47
-21
3
28
56
85
113
139
163
187
210
228
244
260
272
282
290
298
305
309
313
316
316
315
312
306
298
288
276
262
245
228
211
189
167
146
122
96
71
46
22
-4
-27
-50
-72
-96
-120
-144
-165
-187
-208
-229
-250
-269
-284
-298
-313
-325
-335
-344
-351
-356
-361
-363
-361
-356
-349
-341
-332
-322
-310
-298
-284
-270
-256
-240
-221
-198
-174
-148
-123
-96
-70
-42
-14
12
39
68
97
126
154
180
206
231
254
277
297
315
332
347
361
372
383
391
397
402
404
403
399
393
382
370
359
347
332
313
294
272
248
224
197
167
137
108
78
50
20
-12
-45
-76
-108
-139
-168
-195
-222
-247
-269
-291
-309
-325
-340
-355
-368
-376
-384
-389
-392
-390
-387
-383
-374
-364
-352
-334
-317
-298
-276
-252
-229
-203
-177
-152
-123
-93
-65
-38
-8
21
52
82
111
140
170
199
227
253
278
299
319
336
351
363
372
377
381
382
380
374
365
357
350
340
329
314
297
279
260
240
214
186
155
126
96
65
33
2
-26
-56
-87
-118
-147
-176
-203
-227
-251
-272
-292
-309
-324
-338
-351
-365
-375
-382
-386
-388
-387
-382
-377
-368
-355
-340
-321
-303
-284
-264
-240
-216
-191
-167
-141
-113
-86
-58
-31
-5
23
49
74
99
125
150
175
199
220
240
262
281
297
310
321
330
338
344
348
351
351
349
342
331
319
307
294
278
261
242
223
204
182
158
135
112
88
65
42
17
-7
-32
-59
-86
-112
-136
-159
-181
-204
-224
-241
-256
-270
-282
-292
-298
-304
-308
-313
-317
-318
-317
-312
-305
-297
-286
-275
-263
-246
-228
-208
-184
-161
-135
-109
-82
-54
-27
-1
23
48
71
90
110
130
148
165
182
198
212
229
246
259
269
277
285
292
297
302
304
301
294
287
278
266
253
238
220
203
186
169
150
131
112
93
73
54
34
14
-7
-25
-44
-65
-86
-104
-121
-137
-153
-166
-178
-188
-196
-203
-209
-215
-221
-223
-226
-228
-228
-227
-226
-223
-219
-214
-207
-200
-193
-184
-172
-159
-144
-130
-118
-102
-83
-64
-47
-30
-13
1
17
34
47
58
70
82
92
100
109
117
124
128
131
134
135
138
139
138
137
136
134
131
127
121
113
105
96
85
75
64
51
40
28
14
1
-12
-23
-35
-45
-54
-62
-70
-77
-82
-86
-90
-92
-93
-94
-94
-93
-90
-89
-86
-80
-73
-63
-53
-42
-30
-19
-9
2
14
22
31
41
50
58
65
72
79
86
91
96
103
111
119
125
129
132
135
137
137
137
136
131
125
118
108
97
85
73
63
51
39
29
21
12
4
-4
-13
-22
-31
-39
-47
-55
-65
-75
-83
-91
-99
-104
-109
-112
-114
-118
-119
-121
-121
-120
-120
-120
-120
-119
-117
-115
-114
-112
-109
-105
-101
-95
-88
-81
-74
-67
-57
-47
-38
-32
-25
-17
-11
-7
-3
1
5
8
13
19
25
31
37
42
46
51
58
63
67
71
75
77
79
80
80
79
79
79
78
77
78
79
79
77
77
76
74
70
64
59
52
45
40
34
27
21
17
12
5
-2
-7
-13
-21
-27
-34
-41
-48
-56
-63
-70
-79
-88
-95
-102
-109
-113
-116
-118
-119
-119
-116
-113
-109
-104
-101
-100
-96
-89
-82
-74
-65
-55
-45
-33
-20
-8
4
19
33
50
66
82
98
114
130
144
158
169
179
190
201
210
218
226
231
234
237
241
242
240
234
227
217
207
196
184
171
157
141
122
105
85
63
40
17
-6
-29
-52
-73
-93
-114
-136
-157
-178
-198
-217
-232
-247
-260
-272
-282
-292
-299
-305
-309
-313
-316
-316
-315
-311
-304
-295
-285
-272
-257
-241
-223
-205
-187
-167
-148
-129
-109
-88
-69
-49
-27
-6
13
32
53
74
95
114
132
152
172
189
204
218
230
241
250
258
264
267
270
274
276
277
277
277
274
268
263
256
248
240
229
217
202
187
168
148
128
108
86
65
44
24
4
-13
-34
-54
-75
-96
-118
-140
-160
-178
-196
-211
-226
-241
-253
-263
-268
-273
-277
-280
-280
-277
-274
-268
-259
-248
-238
-225
-211
-195
-179
-161
-141
-122
-98
-72
-45
-17
12
40
67
91
115
139
161
183
205
226
242
257
273
285
294
300
306
308
307
306
304
300
292
281
268
251
233
214
191
168
144
121
97
75
53
30
5
-18
-41
-65
-89
-114
-137
-158
-181
-202
-219
-235
-251
-265
-279
-289
-298
-305
-309
-310
-310
-306
-300
-294
-284
-275
-265
-254
-244
-233
-221
-206
-189
-173
-155
-136
-117
-97
-78
-58
-38
-17
2
22
44
66
87
104
120
137
153
169
184
199
212
227
241
253
262
272
279
287
295
300
302
302
304
301
296
290
284
275
265
252
238
222
204
184
167
149
129
109
89
67
42
17
-8
-35
-62
-88
-113
-137
-159
-182
-207
-230
-250
-268
-288
-306
-319
-330
-340
-349
-354
-358
-360
-361
-361
-357
-353
-345
-334
-320
-304
-286
-264
-243
-218
-193
-168
-140
-109
-79
-50
-18
15
47
76
108
140
169
196
221
245
269
291
311
329
347
364
379
390
400
407
411
413
412
411
405
399
391
382
368
348
327
307
282
253
225
197
165
133
101
71
37
2
-32
-66
-99
-130
-162
-193
-224
-253
-279
-306
-330
-354
-375
-392
-406
-418
-429
-438
-444
-446
-447
-446
-443
-435
-427
-416
-402
-386
-368
-347
-325
-299
-269
-239
-207
-174
-140
-105
-68
-30
8
46
83
118
152
184
214
242
269
297
322
343
363
382
398
411
420
428
433
434
433
430
423
415
404
390
375
358
338
315
291
264
235
205
175
145
113
79
45
11
-23
-59
-93
-126
-157
-187
-216
-242
-266
-287
-305
-322
-336
-347
-356
-363
-368
-370
-371
-370
-365
-357
-348
-338
-326
-311
-296
-278
-256
-232
-207
-184
-160
-133
-106
-79
-51
-22
6
33
61
90
117
142
167
191
213
233
252
268
281
293
304
311
315
319
320
319
318
313
306
296
285
275
262
248
233
217
198
179
158
138
118
97
73
50
30
9
-12
-33
-53
-74
-94
-113
-132
-149
-166
-180
-193
-207
-221
-232
-241
-248
-253
-256
-255
-254
-253
-249
-243
-235
-226
-219
-210
-200
-190
-180
-170
-161
-151
-141
-129
-115
-99
-83
-69
-54
-38
-21
-6
10
27
41
54
67
80
90
98
107
117
125
131
135
141
148
153
158
160
163
163
164
163
163
160
154
147
139
133
126
115
104
95
86
77
70
62
56
47
39
31
24
15
6
-3
-11
-21
-34
-47
-57
-64
-70
-76
-80
-84
-88
-89
-86
-83
-81
-79
-77
-71
-66
-62
-59
-54
-48
-43
-40
-34
-27
-20
-14
-8
-1
6
14
22
30
38
44
48
53
58
60
60
60
60
59
57
56
56
56
55
52
49
49
45
40
36
32
26
18
11
3
-4
-14
-23
-31
-39
-49
-57
-62
-66
-71
-76
-78
-78
-77
-78
-79
-80
-81
-82
-82
-82
-81
-79
-78
-76
-73
-70
-68
-63
-59
-53
-48
-43
-37
-32
-25
-19
-11
-6
-1
1
7
13
18
22
26
31
38
45
50
57
60
63
66
68
70
72
72
72
70
67
67
66
66
66
66
65
63
62
62
62
63
62
60
57
56
53
49
44
38
33
29
23
18
12
9
5
-1
-8
-14
-20
-26
-33
-40
-47
-53
-59
-65
-69
-73
-78
-82
-86
-89
-91
-92
-94
-97
-97
-97
-99
-100
-99
-99
-99
-96
-93
-89
-85
-79
-71
-63
-53
-43
-33
-23
-13
-1
10
21
33
45
56
68
81
94
103
110
120
130
137
143
149
157
163
167
172
174
173
169
166
162
156
146
138
131
123
116
108
98
87
76
63
49
35
21
6
-8
-21
-34
-48
-62
-75
-86
-97
-109
-121
-130
-139
-148
-156
-160
-163
-166
-169
-168
-167
-165
-163
-159
-154
-150
-145
-137
-129
-121
-115
-110
-103
-96
-87
-79
-70
-60
-50
-39
-30
-22
-15
-7
0
7
14
21
26
31
37
43
48
53
58
63
67
72
77
82
86
89
95
100
102
103
104
106
106
105
104
101
97
94
92
89
85
82
79
76
73
68
63
58
51
43
34
24
14
4
-7
-19
-29
-38
-47
-57
-65
-70
-76
-83
-91
-98
-103
-108
-111
-111
-114
-117
-118
-116
-111
-107
-101
-92
-82
-71
-58
-43
-28
-11
5
23
42
60
77
93
109
125
138
149
159
171
182
190
197
202
208
212
214
215
214
211
203
195
185
176
163
147
130
112
91
70
47
23
0
-25
-51
-76
-102
-127
-151
-175
-199
-222
-244
-265
-283
-300
-315
-328
-338
-343
-347
-351
-352
-349
-345
-341
-334
-323
-312
-299
-283
-265
-246
-227
-208
-185
-163
-140
-116
-92
-67
-42
-14
14
42
69
97
125
151
175
199
221
242
263
282
300
318
334
348
358
367
375
381
383
384
384
383
379
372
366
356
347
333
319
303
284
265
247
226
206
183
159
136
113
89
62
35
8
-21
-51
-80
-108
-135
-163
-189
-214
-237
-260
-279
-295
-311
-327
-340
-351
-359
-366
-370
-375
-376
-375
-371
-366
-360
-351
-342
-330
-317
-301
-284
-265
-242
-217
-191
-165
-138
-111
-83
-55
-30
-5
17
37
61
87
111
133
154
175
196
215
232
245
255
266
277
285
290
294
295
292
290
287
279
269
257
246
234
220
204
190
175
160
145
131
114
94
73
53
35
16
-4
-25
-46
-64
-80
-97
-114
-130
-145
-158
-167
-174
-180
-187
-191
-194
-195
-195
-197
-197
-195
-193
-189
-185
-183
-178
-172
-166
-157
-145
-135
-123
-109
-93
-77
-61
-46
-30
-13
1
18
35
47
58
69
81
93
103
114
125
134
142
151
161
168
174
179
185
190
196
197
194
190
184
177
170
162
152
142
134
126
119
111
100
91
82
72
59
43
26
8
-8
-25
-40
-57
-77
-95
-110
-125
-140
-154
-168
-176
-183
-187
-189
-192
-197
-199
-201
-203
-205
-208
-210
-210
-207
-203
-198
-193
-184
-170
-157
-143
-127
-111
-96
-81
-62
-45
-26
-7
7
22
39
55
71
86
100
115
130
146
161
176
188
200
208
214
217
219
219
218
216
212
208
201
193
188
181
172
162
153
141
129
120
109
94
80
66
51
36
18
0
-17
-33
-47
-60
-73
-84
-94
-104
-113
-120
-126
-131
-137
-141
-144
-146
-149
-150
-148
-149
-150
-147
-143
-140
-137
-130
-123
-117
-111
-102
-92
-82
-72
-63
-55
-49
-42
-35
-26
-17
-9
0
6
13
21
27
33
38
43
48
54
58
60
62
62
61
61
60
58
55
52
52
49
48
45
43
42
41
41
41
40
34
30
26
22
18
14
8
2
-2
-9
-16
-21
-25
-28
-31
-31
-30
-30
-29
-29
-27
-25
-24
-23
-21
-17
-16
-14
-13
-12
-10
-8
-6
-3
0
1
3
6
13
18
22
25
30
33
36
40
42
45
49
53
59
64
69
71
73
77
80
81
82
83
84
82
81
78
76
73
70
66
62
56
49
43
38
32
25
19
14
8
3
-1
-6
-11
-18
-24
-32
-37
-42
-48
-56
-63
-71
-79
-87
-95
-103
-108
-113
-115
-118
-122
-124
-125
-126
-123
-120
-118
-113
-108
-103
-98
-92
-88
-86
-83
-79
-75
-69
-66
-61
-58
-52
-46
-38
-29
-21
-11
-2
2
7
14
19
25
31
38
44
48
52
56
61
67
71
76
81
86
91
95
98
99
100
101
103
102
100
97
95
92
88
83
78
74
70
65
61
57
53
49
44
40
35
30
21
12
4
-3
-14
-23
-32
-41
-51
-59
-66
-73
-80
-84
-85
-87
-89
-90
-91
-90
-88
-85
-82
-78
-73
-67
-62
-55
-48
-41
-33
-21
-9
2
14
26
38
51
62
73
86
98
107
116
125
131
134
135
134
133
132
131
128
125
122
117
108
102
94
84
70
56
42
28
12
-5
-23
-41
-60
-79
-96
-112
-127
-143
-157
-171
-185
-198
-209
-217
-221
-225
-228
-230
-229
-228
-224
-219
-212
-204
-194
-182
-167
-150
-133
-118
-102
-82
-62
-44
-25
-3
15
32
50
68
85
102
120
138
155
171
184
196
206
216
226
233
238
243
246
248
248
248
246
242
237
233
226
216
205
194
182
167
152
135
118
101
84
65
47
30
13
-3
-19
-33
-48
-64
-78
-92
-108
-124
-140
-156
-173
-189
-205
-219
-230
-239
-249
-257
-265
-273
-275
-276
-277
-276
-273
-268
-261
-252
-243
-234
-223
-209
-193
-177
-160
-140
-122
-100
-75
-48
-23
3
29
57
85
112
136
159
181
202
224
245
263
279
295
310
322
333
344
350
354
358
358
354
349
341
332
318
302
282
262
240
216
190
165
137
108
79
47
15
-15
-44
-74
-104
-133
-161
-188
-213
-236
-258
-278
-294
-307
-318
-328
-338
-345
-348
-350
-348
-345
-340
-334
-327
-318
-307
-295
-283
-268
-251
-230
-208
-188
-167
-145
-124
-101
-78
-54
-32
-9
13
33
53
71
90
106
124
141
159
173
187
201
214
225
235
241
244
249
253
255
255
252
247
245
243
241
236
232
227
222
219
214
206
196
185
176
165
152
138
119
100
81
61
40
18
-4
-24
-43
-61
-77
-95
-113
-132
-148
-162
-177
-192
-206
-218
-230
-241
-250
-259
-268
-272
-274
-275
-274
-269
-261
-253
-240
-228
-216
-204
-188
-172
-155
-138
-120
-100
-81
-60
-35
-8
16
41
65
92
119
145
171
194
215
234
251
267
280
290
297
300
302
301
296
291
284
277
269
260
249
236
221
203
186
168
146
123
101
78
53
28
2
-24
-50
-74
-97
-120
-143
-163
-183
-202
-219
-233
-248
-263
-276
-287
-294
-300
-306
-309
-309
-306
-300
-293
-285
-274
-262
-249
-234
-219
-203
-185
-168
-147
-126
-107
-88
-70
-49
-29
-8
12
31
48
66
87
109
128
144
160
175
191
206
220
233
246
257
264
271
277
283
286
287
286
284
280
274
268
260
252
240
226
212
197
182
168
154
139
122
106
91
76
59
41
19
-3
-25
-46
-67
-86
-108
-129
-150
-167
-183
-200
-214
-227
-240
-252
-263
-274
-283
-292
-297
-301
-303
-306
-308
-307
-300
-293
-284
-274
-262
-248
-228
-208
-189
-171
-151
-130
-111
-89
-66
-47
-29
-9
14
36
58
79
102
123
146
171
196
216
234
251
268
283
294
304
310
313
317
317
314
310
306
299
288
278
269
257
242
227
211
192
169
145
121
98
76
56
34
9
-16
-39
-59
-79
-98
-117
-137
-156
-173
-189
-205
-220
-232
-244
-256
-264
-269
-273
-277
-279
-277
-275
-271
-263
-254
-240
-226
-211
-198
-184
-169
-152
-134
-115
-97
-80
-62
-46
-27
-7
9
25
41
58
75
92
109
124
134
146
158
169
177
186
195
203
208
212
213
212
210
209
207
201
193
183
174
163
151
138
124
107
91
79
63
45
28
12
-6
-24
-38
-53
-70
-84
-97
-109
-120
-131
-142
-153
-163
-169
-173
-181
-189
-194
-195
-194
-191
-188
-183
-176
-166
-154
-142
-127
-110
-93
-77
-61
-41
-22
-3
17
38
58
78
97
115
133
151
171
189
205
218
231
243
252
261
265
266
265
264
261
254
246
237
225
208
192
178
164
145
127
110
89
67
44
19
-6
-32
-58
-85
-113
-140
-165
-187
-208
-227
-245
-261
-276
-286
-293
-301
-308
-313
-317
-320
-320
-314
-309
-303
-296
-286
-273
-261
-245
-228
-209
-189
-167
-145
-122
-100
-77
-54
-33
-10
13
35
56
77
97
115
131
148
165
180
194
209
222
234
245
255
264
268
270
270
268
266
261
255
248
242
234
226
217
207
194
178
163
148
132
116
99
84
68
51
35
20
3
-13
-30
-45
-63
-81
-97
-113
-128
-142
-157
-171
-183
-192
-200
-206
-212
-218
-221
-223
-223
-221
-218
-215
-213
-206
-196
-189
-180
-168
-156
-144
-129
-111
-94
-78
-60
-41
-21
-3
16
36
57
77
97
115
130
143
156
169
180
189
198
206
212
218
223
225
224
225
225
222
217
212
202
189
174
158
141
122
104
86
68
49
29
7
-10
-29
-47
-65
-84
-103
-120
-135
-150
-163
-176
-188
-199
-209
-216
-222
-229
-234
-237
-238
-236
-231
-223
-213
-203
-192
-179
-166
-154
-141
-127
-111
-96
-82
-68
-51
-33
-16
1
19
37
53
70
87
106
124
140
154
167
179
190
200
207
213
217
220
222
225
228
227
225
223
217
213
206
198
188
179
169
158
146
132
116
101
85
68
51
34
16
-2
-19
-36
-54
-73
-90
-108
-124
-141
-159
-179
-196
-211
-225
-237
-249
-261
-271
-276
-279
-284
-288
-290
-289
-285
-278
-269
-261
-252
-241
-229
-215
-198
-181
-163
-142
-119
-95
-72
-50
-27
-1
26
52
77
104
131
157
184
211
234
255
276
300
320
337
352
362
372
382
390
393
392
387
382
374
363
350
332
313
291
268
244
218
188
157
125
93
60
26
-7
-42
-76
-106
-135
-166
-196
-225
-251
-277
-302
-327
-351
-373
-390
-402
-411
-419
-423
-424
-422
-418
-409
-397
-381
-365
-346
-325
-300
-274
-249
-223
-196
-166
-136
-107
-77
-46
-15
14
44
75
106
136
164
192
218
240
258
273
286
295
304
311
316
319
321
321
321
320
316
310
304
300
292
280
266
251
233
213
191
168
144
119
95
72
51
28
7
-13
-33
-50
-66
-80
-97
-116
-133
-152
-171
-189
-204
-220
-236
-250
-260
-270
-279
-284
-288
-289
-289
-287
-284
-278
-271
-262
-254
-247
-239
-229
-217
-203
-188
-172
-152
-132
-110
-83
-56
-27
0
28
55
84
112
140
162
184
207
229
249
265
282
299
314
330
343
354
361
368
373
375
374
370
364
354
341
328
314
297
276
254
231
209
187
160
132
104
75
47
18
-9
-37
-65
-93
-119
-145
-173
-199
-222
-243
-261
-278
-294
-306
-319
-328
-337
-343
-347
-351
-354
-355
-354
-350
-346
-342
-335
-325
-314
-302
-288
-274
-259
-243
-226
-209
-192
-175
-156
-136
-117
-98
-77
-55
-35
-15
8
32
55
76
96
115
134
154
174
190
204
217
231
245
259
270
281
291
298
304
309
313
317
318
317
314
311
305
299
289
276
262
245
226
207
188
167
146
123
98
72
46
23
0
-24
-51
-76
-99
-123
-146
-169
-190
-209
-227
-242
-254
-265
-274
-281
-284
-286
-287
-284
-280
-274
-266
-257
-248
-235
-222
-206
-186
-165
-144
-123
-100
-76
-52
-29
-5
18
44
71
98
120
142
162
182
200
216
229
240
249
257
262
266
267
267
264
261
253
245
236
224
211
197
182
166
148
130
111
92
72
51
30
9
-11
-30
-49
-69
-89
-109
-128
-147
-164
-179
-194
-210
-224
-236
-246
-254
-260
-266
-270
-272
-274
-275
-273
-270
-264
-255
-247
-236
-225
-213
-199
-186
-173
-159
-143
-128
-110
-93
-76
-58
-41
-25
-8
11
32
51
70
90
110
128
144
160
178
193
207
219
233
244
254
263
270
275
278
281
282
280
276
272
265
255
246
236
225
211
197
180
163
144
126
106
86
67
50
33
16
-1
-20
-39
-60
-81
-99
-116
-134
-152
-167
-181
-193
-203
-213
-223
-229
-232
-234
-234
-234
-231
-228
-221
-213
-205
-196
-186
-175
-162
-148
-133
-115
-96
-76
-56
-35
-16
0
17
35
52
66
78
90
101
111
118
126
134
141
147
152
156
160
163
163
163
163
160
155
148
141
130
115
99
84
70
55
39
26
12
-3
-19
-33
-44
-54
-65
-77
-87
-96
-106
-119
-130
-139
-146
-153
-156
-156
-156
-155
-152
-145
-139
-134
-128
-119
-109
-101
-93
-85
-78
-70
-60
-49
-37
-26
-15
-4
7
21
35
49
64
77
89
100
109
119
125
129
131
135
138
140
142
146
149
149
147
146
145
143
139
134
130
124
118
110
101
93
85
76
66
53
41
31
23
14
6
-1
-8
-18
-28
-40
-53
-66
-79
-92
-104
-114
-122
-131
-141
-147
-150
-153
-159
-163
-165
-166
-167
-169
-170
-170
-170
-168
-164
-157
-150
-143
-135
-124
-114
-101
-86
-69
-51
-35
-19
-4
9
23
36
50
65
80
91
103
118
134
148
161
172
185
198
210
220
227
231
233
235
235
230
224
216
208
198
184
170
156
143
130
117
103
89
71
53
35
18
1
-17
-36
-54
-72
-91
-109
-125
-140
-154
-165
-172
-179
-186
-190
-194
-196
-198
-199
-199
-197
-196
-193
-191
-188
-184
-177
-170
-161
-149
-137
-124
-111
-100
-89
-77
-62
-45
-31
-18
-6
7
17
23
28
37
42
48
55
60
64
67
71
77
84
88
92
95
97
102
105
106
105
104
104
104
104
103
100
95
91
88
84
79
75
74
72
65
62
61
56
49
41
35
30
22
15
6
-2
-11
-17
-25
-34
-44
-51
-56
-60
-63
-68
-72
-76
-78
-80
-86
-92
-96
-98
-101
-103
-102
-104
-104
-101
-95
-87
-78
-69
-58
-45
-31
-17
-2
11
24
37
49
60
73
83
92
103
114
125
133
141
151
162
170
177
183
187
188
188
186
183
179
173
163
152
141
129
116
103
89
74
58
45
32
16
-3
-21
-40
-60
-83
-106
-125
-142
-159
-177
-194
-210
-223
-234
-241
-246
-252
-258
-264
-266
-266
-264
-262
-263
-261
-257
-251
-244
-234
-223
-212
-197
-179
-161
-142
-122
-100
-79
-58
-39
-18
1
19
40
60
80
98
117
135
155
175
194
212
227
243
259
275
287
295
301
302
301
300
298
293
286
280
275
267
259
250
240
228
216
204
187
169
149
129
106
82
58
31
3
-24
-50
-73
-96
-120
-141
-160
-180
-196
-212
-229
-244
-259
-273
-285
-294
-303
-310
-316
-321
-322
-321
-319
-312
-303
-293
-279
-261
-242
-222
-200
-177
-155
-133
-111
-90
-70
-47
-22
2
25
50
77
105
132
159
184
206
228
250
270
287
301
313
322
329
335
338
336
330
323
316
306
296
285
271
255
236
216
196
173
150
128
105
79
54
32
7
-18
-44
-69
-94
-120
-143
-165
-185
-204
-222
-238
-252
-263
-271
-278
-286
-291
-294
-295
-294
-289
-282
-273
-265
-254
-244
-230
-216
-201
-187
-172
-156
-138
-118
-98
-79
-58
-39
-20
-2
14
29
43
59
73
85
96
106
115
125
136
145
152
159
168
175
181
187
192
195
195
193
192
189
184
178
171
165
155
147
140
133
125
117
108
98
88
78
69
62
55
45
32
18
5
-5
-18
-32
-45
-58
-71
-82
-90
-99
-109
-118
-126
-133
-140
-145
-149
-153
-156
-158
-159
-159
-157
-154
-150
-146
-142
-136
-130
-123
-112
-98
-85
-73
-57
-40
-26
-13
1
16
30
43
57
73
85
98
110
120
129
137
145
151
157
163
167
170
172
174
175
173
171
164
157
149
141
130
118
107
94
82
68
53
39
26
15
1
-12
-26
-37
-48
-59
-70
-83
-94
-105
-117
-127
-136
-148
-157
-162
-166
-170
-172
-170
-169
-168
-167
-168
-166
-160
-155
-151
-145
-141
-136
-128
-120
-114
-107
-99
-91
-82
-70
-59
-50
-39
-27
-15
-4
7
19
29
41
52
65
75
85
95
105
115
124
132
140
149
156
163
169
174
176
178
179
179
177
173
168
162
155
148
141
133
123
112
101
88
75
60
44
28
14
-1
-16
-30
-46
-61
-75
-90
-104
-119
-132
-144
-154
-164
-172
-178
-183
-186
-186
-184
-183
-181
-177
-170
-160
-147
-136
-124
-111
-96
-80
-65
-48
-29
-10
7
26
46
65
84
101
117
132
145
157
169
180
188
195
202
206
209
213
212
208
203
197
188
178
168
157
146
134
121
104
85
66
48
29
7
-15
-35
-53
-70
-86
-103
-119
-133
-146
-157
-170
-184
-196
-205
-212
-217
-220
-223
-225
-223
-221
-217
-212
-206
-200
-191
-179
-166
-153
-138
-126
-113
-99
-84
-70
-55
-41
-26
-10
3
17
31
47
63
79
95
109
123
135
146
157
166
175
181
187
191
191
192
189
186
181
177
173
169
164
158
150
140
130
117
104
91
80
67
53
38
22
5
-11
-25
-40
-54
-69
-81
-92
-105
-116
-125
-133
-142
-150
-158
-164
-169
-174
-179
-181
-182
-180
-177
-172
-166
-158
-149
-139
-127
-112
-97
-79
-62
-46
-30
-14
1
15
30
43
57
71
82
95
108
124
140
154
164
174
183
192
198
201
205
208
210
211
210
208
203
194
184
174
164
153
141
128
115
101
87
72
56
37
16
-3
-22
-43
-68
-90
-108
-125
-140
-155
-169
-180
-190
-200
-210
-218
-225
-232
-237
-240
-239
-239
-240
-240
-237
-233
-229
-223
-215
-205
-193
-178
-162
-147
-132
-115
-95
-76
-57
-37
-18
2
22
41
58
77
96
112
128
144
159
170
181
190
199
206
211
216
220
221
220
218
216
213
207
202
197
193
187
179
169
158
146
133
119
104
91
77
62
49
35
23
12
0
-12
-24
-36
-48
-60
-72
-83
-94
-104
-113
-124
-135
-141
-144
-148
-153
-155
-156
-156
-158
-159
-158
-157
-159
-160
-158
-156
-156
-156
-155
-153
-149
-143
-135
-126
-115
-103
-90
-75
-60
-47
-34
-16
4
20
32
45
58
72
84
96
110
126
140
155
170
185
195
205
217
227
235
239
240
238
236
232
225
217
208
197
184
174
162
147
128
111
94
75
55
33
11
-9
-32
-58
-84
-107
-131
-155
-176
-195
-215
-232
-246
-256
-264
-269
-274
-276
-275
-272
-268
-262
-252
-242
-231
-219
-204
-188
-170
-152
-133
-111
-89
-67
-46
-21
4
28
52
74
94
114
133
149
162
173
183
191
199
204
207
207
208
207
202
196
189
182
173
163
153
145
134
119
104
88
72
54
37
21
3
-10
-22
-35
-47
-57
-66
-74
-81
-86
-91
-96
-98
-98
-99
-103
-103
-102
-103
-103
-101
-98
-96
-95
-92
-86
-80
-72
-63
-53
-48
-45
-39
-35
-31
-27
-24
-22
-20
-15
-12
-10
-7
-2
2
5
11
17
23
28
35
41
46
49
52
57
63
68
71
76
80
85
93
103
112
118
123
129
136
142
146
148
149
148
147
144
139
133
125
118
111
102
94
86
77
68
60
51
37
22
8
-7
-22
-37
-55
-75
-93
-107
-119
-134
-151
-166
-179
-192
-202
-211
-219
-228
-236
-241
-246
-249
-253
-256
-260
-263
-262
-259
-253
-246
-236
-223
-209
-196
-182
-169
-151
-134
-116
-99
-83
-67
-50
-35
-17
-1
11
27
46
64
83
103
121
140
159
177
198
217
232
246
259
268
275
281
289
294
296
297
298
298
298
294
291
288
285
281
274
265
258
247
232
217
200
179
157
136
116
95
75
54
33
13
-7
-26
-45
-65
-85
-104
-122
-140
-160
-182
-202
-222
-243
-259
-275
-289
-301
-308
-313
-316
-317
-316
-314
-308
-299
-289
-280
-271
-262
-252
-242
-231
-219
-206
-191
-172
-152
-134
-116
-95
-71
-47
-23
1
25
47
68
89
109
126
141
154
166
178
191
203
211
218
224
230
237
241
244
247
249
246
241
234
225
215
205
194
181
167
153
139
126
114
100
86
72
58
45
33
21
8
-5
-20
-34
-47
-61
-72
-83
-92
-101
-113
-121
-127
-131
-138
-143
-146
-146
-149
-150
-150
-149
-149
-149
-149
-148
-146
-145
-142
-137
-135
-133
-129
-123
-117
-108
-100
-91
-83
-75
-67
-58
-48
-39
-31
-22
-11
0
8
17
26
33
40
47
54
62
69
76
85
93
98
102
105
109
112
115
117
120
121
122
122
121
120
118
115
112
108
102
96
89
83
75
67
58
49
42
33
25
16
8
0
-8
-15
-17
-19
-20
-22
-24
-26
-28
-32
-35
-37
-35
-37
-38
-39
-39
-38
-37
-33
-30
-27
-25
-22
-17
-13
-9
-6
-4
-2
0
4
8
10
11
13
15
17
17
17
16
18
22
22
20
18
16
11
6
2
-2
-9
-18
-24
-27
-30
-35
-39
-42
-44
-45
-45
-46
-47
-48
-48
-51
-54
-55
-57
-60
-62
-63
-66
-71
-72
-73
-75
-76
-76
-75
-74
-72
-68
-64
-62
-62
-61
-57
-56
-54
-51
-47
-43
-39
-34
-30
-25
-20
-15
-11
-6
0
5
10
15
19
22
26
31
36
41
46
51
57
62
68
73
80
88
97
105
112
119
126
131
135
137
139
140
143
145
147
146
143
140
137
132
126
122
115
108
101
95
88
81
73
64
53
45
36
26
15
5
-4
-15
-28
-39
-49
-60
-69
-77
-86
-96
-108
-119
-126
-132
-137
-141
-144
-146
-148
-148
-147
-147
-147
-145
-139
-132
-125
-119
-112
-107
-98
-89
-83
-76
-67
-58
-50
-44
-36
-29
-25
-21
-15
-8
-4
-1
4
10
14
17
21
24
26
30
35
38
41
44
47
49
50
51
49
48
49
48
48
47
47
48
47
47
47
47
47
49
50
51
52
53
54
56
59
64
68
72
75
77
75
72
71
70
66
62
59
55
51
45
37
27
18
10
2
-4
-12
-16
-22
-28
-34
-38
-46
-53
-58
-62
-67
-73
-79
-84
-90
-95
-99
-103
-108
-110
-110
-109
-110
-109
-107
-104
-101
-97
-92
-87
-84
-82
-79
-76
-71
-65
-58
-50
-44
-36
-25
-15
-8
-2
5
12
19
26
33
38
43
48
50
51
52
56
60
63
68
76
82
90
99
108
118
126
133
140
144
148
153
158
159
159
160
159
159
160
161
161
162
162
161
159
158
154
150
142
132
120
108
94
80
64
46
30
13
-5
-24
-41
-57
-73
-91
-109
-129
-148
-166
-183
-200
-221
-240
-260
-276
-291
-304
-315
-324
-329
-334
-337
-336
-332
-328
-322
-313
-302
-291
-279
-264
-246
-227
-211
-194
-175
-153
-128
-100
-73
-45
-18
11
38
68
95
120
146
170
193
214
235
254
274
292
309
326
340
351
360
366
371
374
376
374
370
367
362
354
340
323
307
291
271
252
232
211
188
166
143
116
89
62
36
9
-18
-45
-70
-97
-123
-147
-170
-191
-211
-231
-251
-271
-287
-301
-315
-327
-338
-348
-355
-361
-363
-365
-365
-364
-359
-350
-341
-327
-310
-293
-276
-255
-234
-213
-193
-171
-146
-122
-96
-71
-47
-21
7
35
62
87
111
135
160
186
210
233
251
269
286
301
315
326
335
342
345
348
350
350
346
342
336
328
316
301
285
269
250
230
208
184
161
137
112
88
64
39
13
-10
-33
-55
-77
-99
-120
-141
-160
-180
-196
-212
-226
-240
-252
-262
-270
-275
-278
-280
-280
-280
-277
-272
-266
-256
-244
-233
-221
-207
-193
-180
-164
-145
-128
-111
-92
-74
-56
-36
-15
3
20
37
54
69
82
94
106
118
127
136
147
155
161
168
172
175
177
179
179
178
177
175
171
164
156
147
137
128
117
104
91
78
67
54
39
28
19
8
-3
-14
-27
-41
-56
-68
-79
-90
-100
-111
-121
-130
-137
-143
-149
-155
-160
-164
-166
-165
-162
-161
-160
-157
-154
-150
-145
-141
-134
-127
-120
-110
-100
-87
-72
-55
-38
-22
-3
15
34
50
68
85
102
117
131
146
161
176
190
203
214
224
233
241
251
259
265
268
272
275
276
275
270
261
250
239
227
213
196
179
163
147
126
104
81
59
38
16
-5
-32
-58
-84
-109
-134
-158
-182
-205
-227
-246
-265
-284
-299
-312
-323
-331
-337
-341
-342
-343
-344
-343
-340
-339
-335
-326
-315
-305
-294
-282
-268
-253
-235
-216
-194
-170
-145
-119
-95
-71
-46
-22
2
26
50
70
91
113
135
156
173
191
210
228
245
261
278
292
304
317
327
334
338
342
345
344
342
338
331
324
317
311
302
292
283
271
255
239
222
204
179
153
129
105
77
48
19
-9
-40
-69
-98
-126
-152
-178
-202
-224
-245
-266
-287
-304
-319
-335
-352
-367
-380
-389
-395
-397
-394
-391
-387
-377
-362
-345
-327
-306
-281
-256
-229
-200
-170
-140
-108
-76
-43
-7
27
62
96
132
169
202
234
266
299
326
348
369
387
400
410
418
425
430
430
426
421
412
400
386
371
352
331
306
281
255
225
193
159
125
88
50
13
-21
-56
-90
-123
-152
-177
-204
-231
-257
-279
-298
-319
-339
-355
-368
-380
-389
-395
-398
-400
-398
-394
-387
-379
-368
-357
-342
-325
-308
-289
-270
-252
-232
-213
-194
-172
-149
-128
-104
-79
-51
-25
-3
19
45
69
92
113
135
154
171
187
203
218
230
240
250
261
271
277
284
291
298
303
306
309
310
309
303
298
292
283
272
259
247
234
219
204
186
166
146
126
108
90
69
46
27
8
-11
-33
-55
-76
-96
-116
-135
-151
-165
-180
-193
-205
-214
-224
-233
-241
-247
-249
-249
-247
-243
-240
-234
-226
-214
-203
-196
-187
-175
-162
-147
-132
-113
-93
-73
-52
-31
-11
8
27
44
63
82
100
116
133
150
164
174
183
190
195
197
197
200
202
200
198
197
196
191
184
176
166
155
143
128
112
97
83
67
50
33
15
-3
-21
-39
-58
-76
-93
-107
-123
-138
-153
-165
-175
-186
-197
-205
-212
-217
-222
-225
-224
-221
-219
-216
-211
-203
-194
-184
-174
-162
-149
-134
-117
-103
-88
-74
-59
-43
-27
-11
6
24
42
58
73
88
102
116
130
143
155
166
177
185
194
205
212
217
220
221
221
218
213
207
199
191
183
173
161
146
134
123
110
94
79
67
55
40
25
10
-5
-21
-37
-54
-71
-87
-103
-118
-132
-145
-157
-167
-177
-186
-194
-202
-210
-216
-220
-223
-224
-222
-220
-219
-216
-210
-201
-193
-184
-172
-157
-141
-124
-105
-85
-62
-38
-15
6
25
46
66
86
106
127
147
168
187
207
226
244
260
276
289
300
310
319
326
327
326
324
321
314
304
293
281
267
248
226
202
177
150
122
94
61
28
-2
-33
-64
-96
-126
-155
-185
-214
-240
-266
-290
-311
-328
-345
-359
-371
-378
-385
-389
-389
-388
-386
-383
-374
-360
-343
-323
-301
-276
-251
-223
-194
-165
-136
-106
-74
-42
-10
22
55
87
116
145
172
198
222
245
267
283
297
309
318
324
329
331
330
325
318
308
296
284
270
256
241
224
205
185
162
138
115
91
65
39
15
-8
-33
-57
-81
-105
-127
-147
-165
-182
-200
-216
-228
-238
-247
-256
-263
-268
-272
-274
-272
-270
-268
-265
-258
-248
-238
-227
-214
-202
-188
-173
-154
-136
-118
-99
-79
-59
-39
-19
2
22
45
68
93
117
139
160
183
205
225
243
259
275
290
305
317
327
335
342
347
350
352
351
346
339
333
326
313
299
285
269
251
231
208
184
156
128
99
69
40
12
-14
-40
-67
-93
-120
-146
-171
-197
-221
-244
-267
-286
-303
-320
-337
-350
-362
-370
-376
-379
-380
-379
-376
-369
-359
-348
-336
-320
-305
-287
-270
-252
-236
-218
-200
-180
-159
-139
-118
-95
-72
-49
-25
-2
18
39
62
81
98
115
130
146
160
172
182
192
200
207
214
222
231
237
241
246
250
252
252
250
248
243
237
230
222
213
204
193
182
173
165
154
142
132
121
109
95
80
67
54
40
26
12
-3
-19
-33
-47
-62
-76
-87
-99
-111
-122
-131
-140
-149
-155
-161
-166
-171
-173
-173
-173
-170
-165
-160
-156
-149
-141
-132
-123
-112
-99
-88
-79
-68
-55
-42
-28
-14
-1
12
29
45
61
75
88
101
113
123
132
139
144
148
149
149
150
152
151
149
145
140
134
126
118
110
102
91
78
61
44
27
9
-9
-29
-49
-68
-86
-101
-115
-129
-143
-153
-164
-175
-185
-195
-203
-212
-221
-229
-234
-237
-238
-239
-238
-234
-227
-218
-208
-195
-180
-163
-146
-127
-109
-90
-71
-52
-32
-14
4
22
41
63
84
103
123
143
160
176
193
209
224
237
250
263
274
279
281
284
284
281
278
273
268
258
249
239
228
215
201
185
169
152
134
114
93
72
52
33
14
-4
-24
-45
-68
-87
-106
-125
-145
-163
-178
-192
-205
-216
-227
-238
-246
-251
-255
-260
-263
-263
-262
-259
-255
-250
-244
-239
-231
-220
-209
-197
-180
-162
-143
-122
-101
-81
-61
-41
-17
4
22
40
57
75
94
112
128
144
161
178
194
211
226
240
251
261
271
280
285
287
289
288
282
273
264
254
243
231
215
199
183
166
148
130
111
93
71
48
26
3
-19
-43
-67
-91
-116
-139
-157
-175
-193
-208
-220
-232
-245
-256
-264
-270
-276
-281
-282
-283
-282
-279
-274
-268
-260
-251
-241
-228
-213
-194
-174
-153
-131
-109
-86
-63
-40
-17
2
20
38
57
75
93
109
127
142
156
170
184
193
202
211
216
218
221
223
222
221
220
217
211
204
196
186
175
165
154
140
123
107
93
78
61
45
28
10
-8
-26
-42
-59
-77
-93
-107
-120
-130
-141
-152
-160
-164
-170
-176
-180
-183
-186
-189
-189
-187
-186
-187
-184
-176
-167
-160
-152
-141
-128
-115
-101
-87
-72
-54
-37
-20
-2
15
32
48
67
86
103
117
133
150
166
181
195
209
220
227
235
243
248
251
251
252
250
246
239
230
223
213
201
187
171
155
138
120
103
86
66
43
21
0
-24
-48
-73
-96
-120
-142
-164
-183
-202
-220
-236
-251
-263
-272
-280
-287
-291
-295
-298
-298
-296
-290
-282
-274
-265
-254
-241
-229
-214
-196
-176
-155
-134
-112
-89
-66
-42
-17
6
30
53
74
93
113
132
148
164
179
191
203
216
228
237
244
248
255
260
260
260
260
258
252
245
237
229
218
205
191
177
161
144
125
110
95
80
62
43
25
8
-9
-26
-44
-62
-80
-99
-116
-132
-149
-164
-176
-186
-197
-207
-213
-218
-222
-227
-231
-231
-232
-233
-234
-231
-226
-224
-221
-214
-204
-195
-185
-173
-159
-142
-123
-105
-85
-64
-43
-22
0
25
47
68
91
114
135
153
172
192
213
231
247
264
278
290
298
306
312
316
318
321
321
317
313
306
299
291
279
265
251
237
220
199
177
151
126
98
69
40
9
-22
-54
-85
-115
-143
-172
-201
-228
-252
-275
-296
-318
-339
-357
-372
-386
-397
-404
-410
-413
-414
-413
-410
-405
-395
-383
-369
-353
-335
-314
-291
-270
-249
-225
-201
-176
-151
-121
-89
-54
-20
13
49
84
118
152
184
218
248
275
299
324
346
365
382
396
405
412
418
423
424
421
418
417
412
402
392
379
363
344
322
300
276
251
224
196
167
139
110
78
45
12
-19
-53
-85
-116
-148
-179
-207
-233
-259
-286
-309
-327
-345
-363
-377
-387
-395
-400
-403
-404
-403
-400
-393
-385
-376
-363
-346
-329
-309
-288
-265
-240
-214
-188
-162
-133
-106
-76
-47
-19
9
41
70
99
127
156
185
214
241
266
289
311
332
350
364
377
388
395
398
400
399
397
392
385
376
363
350
336
323
307
287
266
243
220
196
169
142
114
84
53
22
-8
-39
-71
-100
-127
-154
-180
-205
-229
-251
-273
-295
-315
-333
-350
-364
-374
-383
-390
-394
-395
-395
-393
-389
-380
-371
-360
-348
-334
-315
-295
-276
-255
-231
-204
-179
-152
-128
-103
-76
-49
-21
4
31
57
84
110
135
158
180
200
222
240
257
274
290
302
312
321
327
330
329
328
326
321
315
309
299
288
279
267
252
235
215
196
179
161
140
119
98
78
56
33
9
-13
-35
-57
-79
-101
-120
-137
-153
-166
-178
-190
-200
-211
-222
-232
-242
-251
-258
-262
-264
-264
-259
-251
-247
-244
-237
-229
-220
-208
-196
-182
-168
-152
-136
-121
-104
-86
-67
-48
-27
-7
13
33
54
75
94
113
132
150
166
181
195
210
222
232
242
254
262
269
275
280
282
281
278
274
268
262
253
241
229
214
198
180
162
142
121
102
82
62
39
17
-3
-26
-51
-76
-100
-125
-150
-174
-197
-219
-239
-259
-274
-287
-296
-304
-311
-316
-318
-317
-317
-316
-312
-307
-302
-295
-285
-276
-262
-245
-224
-201
-178
-155
-131
-105
-80
-54
-27
1
28
53
76
100
122
144
164
182
201
219
235
250
264
277
287
297
305
312
317
318
314
307
297
285
271
259
244
226
209
192
174
154
133
113
91
71
48
25
1
-22
-45
-68
-90
-112
-132
-154
-174
-191
-206
-219
-231
-240
-247
-254
-257
-259
-260
-261
-261
-257
-252
-246
-239
-230
-218
-205
-190
-173
-155
-135
-115
-94
-71
-49
-28
-7
15
38
59
81
102
120
136
151
167
183
195
206
218
229
237
242
246
249
250
246
241
234
225
216
205
194
181
167
152
136
121
104
87
70
52
32
9
-12
-32
-51
-70
-89
-106
-121
-136
-151
-163
-172
-180
-189
-194
-197
-198
-198
-196
-195
-194
-192
-187
-180
-172
-165
-156
-147
-137
-127
-115
-100
-85
-70
-55
-41
-27
-15
-3
5
13
21
29
37
45
53
61
68
75
82
90
95
99
103
105
106
107
108
107
104
101
98
95
90
85
80
76
73
72
69
67
66
65
63
61
57
53
48
41
34
27
19
12
5
0
-3
-7
-11
-15
-19
-23
-27
-29
-32
-35
-40
-44
-47
-52
-59
-65
-69
-73
-76
-77
-78
-78
-77
-75
-72
-69
-65
-61
-56
-52
-47
-43
-39
-36
-33
-29
-24
-17
-10
-6
0
7
17
23
29
34
40
46
51
53
56
60
61
63
63
63
63
63
63
61
58
56
55
53
52
48
45
43
41
36
31
28
24
18
11
7
5
0
-2
-4
-8
-11
-13
-16
-18
-19
-21
-23
-24
-24
-26
-27
-27
-28
-29
-31
-33
-34
-35
-37
-40
-40
-41
-43
-46
-48
-48
-48
-48
-48
-48
-47
-45
-44
-44
-44
-41
-41
-39
-37
-37
-35
-32
-28
-24
-21
-19
-15
-9
-4
0
5
9
12
16
23
30
36
39
41
42
45
49
51
52
55
57
59
59
59
57
53
50
47
43
37
32
27
25
21
14
10
7
2
-3
-7
-11
-16
-21
-27
-32
-34
-36
-39
-45
-50
-53
-55
-57
-57
-57
-56
-52
-46
-40
-36
-33
-27
-19
-13
-9
-4
1
5
9
16
26
34
38
44
53
62
69
75
80
86
92
97
101
104
106
105
105
105
105
104
101
100
98
95
89
83
80
75
68
60
53
44
31
17
4
-8
-24
-39
-53
-66
-79
-92
-104
-116
-128
-139
-146
-152
-158
-167
-176
-183
-188
-192
-197
-201
-201
-200
-198
-195
-189
-182
-179
-174
-163
-149
-134
-120
-104
-88
-69
-51
-33
-15
2
21
39
59
79
95
111
129
147
162
176
189
204
217
226
234
240
245
248
252
255
257
256
248
240
231
220
207
193
177
162
148
135
122
107
89
69
51
34
14
-6
-25
-43
-63
-83
-102
-121
-140
-160
-178
-194
-209
-224
-239
-251
-257
-261
-264
-267
-269
-269
-268
-265
-260
-257
-254
-251
-245
-236
-224
-212
-198
-181
-162
-144
-124
-102
-81
-59
-35
-11
13
36
59
82
107
130
150
169
191
212
232
252
273
290
304
317
330
344
354
361
366
368
367
361
352
340
329
315
296
278
259
237
213
188
162
136
107
78
48
18
-11
-39
-68
-98
-128
-157
-185
-212
-240
-266
-290
-312
-331
-347
-361
-373
-381
-385
-389
-393
-393
-392
-389
-384
-376
-365
-354
-340
-323
-306
-286
-264
-242
-220
-198
-174
-147
-121
-93
-66
-39
-11
12
35
57
78
98
117
133
148
163
178
194
210
226
243
258
271
283
296
307
316
321
323
322
322
323
321
319
317
314
312
312
310
307
302
297
289
281
271
260
249
238
227
215
202
188
173
161
151
141
132
124
117
111
106
101
92
79
62
42
20
-3
-29
-57
-82
-105
-124
-142
-159
-173
-184
-193
-206
-220
-236
-252
-272
-295
-319
-347
-377
-408
-443
-477
-508
-538
-565
-589
-608
-624
-634
-643
-652
-661
-672
-683
-694
-705
-716
-725
-729
-729
-728
-720
-703
-680
-650
-615
-572
-526
-476
-422
-368
-312
-253
-194
-135
-74
-12
48
111
177
247
320
398
480
566
654
743
830
916
998
1071
1137
1198
1251
1294
1328
1355
1375
1389
1400
1406
1409
1410
1407
1398
1384
1364
1338
1302
1258
1205
1141
1072
995
913
826
733
638
539
441
341
239
138
39
-60
-161
-261
-360
-462
-561
-657
-752
-844
-933
-1020
-1102
-1178
-1246
-1305
-1357
-1401
-1437
-1464
-1483
-1497
-1506
-1510
-1509
-1504
-1495
-1480
-1463
-1441
-1411
-1379
-1343
-1301
-1251
-1195
-1134
-1064
-992
-917
-839
-758
-675
-588
-503
-418
-332
-247
