0
31232
32640
32640
0
0
0
0
0
0
0
0
0
0
0
0
0
0
0
0
0
0
0
0
0
0
0
0
0
0
0
6400
-337
9719
6465
-18257
4792
14883
-26182
13430
-30160
-26132
8593
-30174
-18515
8977
-29944
8664
2130
-13889
25217
10818
-17475
4752
2098
-22325
25363
-30159
-28757
17459
-17525
-13364
8592
4642
-22115
-13575
25897
12852
-13174
-22597
13330
-26336
4761
18483
-13634
5016
8499
-18039
-30568
-21606
-32600
-13800
-30894
8822
-26064
-22579
8592
-21736
-28710
16933
-13559
-28470
8756
-9333
169
16435
-18019
5801
17235
-21495
-26662
8451
-17896
9880
4148
-13636
680
8755
-30839
9218
-17392
-28228
29187
-21880
30353
12339
-17252
-72
2323
-10037
13570
-21199
-17958
17027
-30192
32666
14372
-4453
-22616
25378
-28924
6448
-17490
32680
4369
392
21603
-30199
32666
12836
-30679
-30552
-22065
-22342
8328
13187
8804
8276
-13784
-18516
4368
-21077
-30791
-30189
-1779
-31968
4177
-17765
12692
12932
13353
4057
17254
-25804
-13889
4488
4384
-22375
6676
-13160
-18519
784
6169
13017
13126
10546
-13652
-32359
30225
4112
-17188
-30824
9218
4162
13330
10803
-25858
-28485
1329
4145
650
-17507
-17733
8632
13428
26883
-30419
-22612
8705
2352
-21557
-30288
2582
-854
8848
12882
2088
12752
6545
-1333
-28790
4385
-9460
4776
8818
-26584
4794
4128
-1857
12672
6179
-5733
9345
12882
-17895
-30566
29063
7201
-17430
-30808
257
50
4880
20864
6280
14515
-30121
-10051
1160
4418
-30583
12944
10311
-13431
-24406
9009
-26600
-32596
-22134
-1654
-32582
25344
-8903
-28485
20737
-25446
6290
29239
2593
-17987
22781
12841
6467
-21862
-18551
-28276
-31439
-32196
4488
-16900
4243
-30622
-1909
-32102
8803
-13543
1176
9026
-21992
-22375
-13287
-26693
12201
-25214
-1109
-28262
8464
-25071
-26572
13668
6176
-26661
20625
6418
-22120
-17495
8633
-30702
-21585
2474
-14165
5770
617
-26598
-24448
8567
-20469
5309
16913
2960
-30504
8067
-9200
-28536
800
-26705
16528
10626
-25160
14227
-26570
-22415
-10200
-31960
-31971
-30976
-26330
2761
129
-24271
-17137
145
8803
-17143
32664
16949
-28533
4798
-19920
-27590
20480
14840
3025
6802
-22655
-10199
-13782
25635
8329
-22101
787
10355
-18551
9995
-29886
-25468
4226
4146
-1272
-20208
-19896
-26482
12200
8378
-25934
5514
-25774
2725
-26999
-28295
-22390
16313
20664
6043
3984
16600
-25710
11555
-1280
-17648
-21336
24737
4112
21249
20626
28803
7041
-21887
-16230
-32454
11776
-26602
168
-22755
4466
16915
-17911
-21060
10688
6089
-20445
-13472
-16752
-24645
13889
-30704
-30584
21672
568
-9703
-17768
-80
13994
22048
4147
-4856
-30295
144
9010
-22208
-18551
-23983
-21422
-10068
-32503
4145
10672
30132
13600
-30440
-30832
16899
-32247
-22502
-13197
-13654
-24613
-20308
-31191
4640
546
2049
16661
8532
-13925
-5717
-24048
-30606
-9462
-14421
-31992
17012
12323
-25856
-9284
-26881
-26583
4608
2081
-21591
21161
16949
1944
-9525
4266
-30670
-13684
-26200
6401
17686
-26343
-1652
-30584
-88
-13621
-28752
17270
12852
-26112
-22084
665
9079
2083
-26359
-21862
-13620
-22102
-26455
-12613
-14132
8832
13124
4386
-21472
4241
4361
-22322
-10053
3976
12674
-26368
-25654
29825
13108
-17365
-13860
152
17189
12339
-21846
-18213
-13670
-28776
17714
-26352
-17220
144
5154
9299
8737
-8960
8473
25095
16947
-21231
-14133
8848
4160
-5494
-22340
9344
-30680
-22391
12290
-17443
-17956
-26711
13328
13362
5219
8995
4146
-17124
-13620
-22103
6057
4249
25906
12835
-26576
13620
16722
-30720
-28784
2321
-8934
-9304
-9540
-9542
-120
16641
5394
5171
9265
2096
-18036
-10293
-22645
-22390
14161
8993
288
-28399
-16856
-21349
-22311
-20598
-5351
1
6529
21432
12291
6694
-30061
-21736
-1103
20735
8471
-18391
10448
-25439
-5104
12953
20645
6196
10771
10408
8186
-21847
-30212
2249
-28759
13064
29507
17410
307
21554
9489
-32496
-28280
-21876
-5637
-1621
-21863
1978
-30824
12945
22049
9249
13138
323
-32703
6178
-30848
-17254
-25672
4000
-1011
-22239
12715
-32321
-28789
-14161
-13688
2434
14465
-18680
-32431
-32728
9097
8723
1121
17473
9762
4392
-18261
-31861
-18037
-25607
2234
20648
5888
14357
5306
-24488
-29900
4009
13008
-14145
-30710
-21739
2352
-31855
-4165
-17110
10499
-21869
29874
786
-30604
291
12322
-22392
18400
4760
-24273
-22388
-24959
-29750
1945
-25944
-30544
-18108
-24478
-22447
10770
22403
13440
10113
19219
10263
6208
393
-28485
-16591
-20798
-26471
8449
5323
6552
2056
-1773
651
12219
11250
14792
20656
18408
6531
6150
20640
-26600
2340
-26060
-4974
14722
12800
16410
-28228
-32613
-30709
-20854
2435
12473
-2151
23331
13001
12504
-22231
-18035
10279
1961
16858
-31704
-13768
17922
9225
2060
-26224
14594
-16439
571
-1455
-13533
-30126
20386
12746
-27764
-28648
-31696
2314
-21615
29400
-24310
-1750
17
4763
-13285
-30717
-14032
-29031
1942
409
5133
-30823
10883
-16622
-17902
10789
2818
12473
13095
-6093
4121
-27584
-11928
-16326
-22207
10513
163
-5814
25856
-30189
-30808
4129
-3573
-24292
-1510
2836
-1488
-10240
-26567
-6110
-14263
664
6028
6584
2614
3984
16921
-6016
7811
14744
-30586
11185
16585
6563
-23998
-20392
13852
9371
13226
2048
-32230
-28363
3123
2343
21001
-25967
16147
-28255
6026
-20466
4180
-17990
9753
10280
11002
14802
10915
6106
24736
-25983
701
-32732
-5749
2305
4796
16338
7177
-24687
-32669
-32472
16825
11303
-29642
-31232
2585
10756
-17246
-30461
-16336
-30396
-32630
-27109
-15848
-26280
-26488
1210
-30631
-1648
-25821
-18689
-13968
8066
-32086
-25552
13208
-20581
2611
13739
-22389
10259
5082
-18167
8840
1195
-18356
4369
5818
-28630
-28399
-30678
-21417
12308
-18551
2371
705
-9399
2852
14256
-9598
18324
4524
7312
-24159
-13256
3093
-30045
264
6425
26800
28871
13055
-20212
-26046
20913
-28517
-21693
20387
-32611
4611
-21464
12433
-20324
-17087
8322
-28499
-25567
12689
-28227
-25568
10387
937
-25808
28610
4025
-17888
-25790
17057
10888
9880
-24231
-24008
-29885
6809
10689
25544
-22656
-26737
4402
-9971
-30444
6418
-16085
-28382
-22415
-9702
-32735
-12664
9137
-28755
-29640
6436
5064
-26086
6724
14259
2490
3016
8342
-30785
-26608
-5598
6440
2454
12744
-1494
-30638
-28376
-30591
-32735
21265
-26435
29073
-20342
12544
1809
-26597
396
272
4041
-30725
-29146
6273
5065
-22628
10114
1964
-31830
-975
-20974
8067
16552
1960
4387
14727
20626
4880
8723
-21899
14865
14739
-8525
-29918
2209
-21750
-1508
-23768
-18130
8196
-21861
5833
-18391
2304
2068
-28796
11913
9105
-17612
-12798
-30460
-22223
-11990
8723
-28369
-31697
-24037
-25566
10756
16872
5275
-32357
-24278
-13488
7443
22465
8376
169
-25983
-29626
10240
11803
8593
-15606
-17560
-16861
-30427
2946
4513
-19942
-16272
-18112
32641
12305
1228
-31730
-24294
-18135
2320
16584
12795
-22389
-28909
18594
8081
713
1819
-15797
-20407
-24511
-25824
18818
2529
-29820
-29657
6274
6401
-32766
-3784
-11670
-18360
-20424
-32198
4877
13276
13515
4779
4777
6025
10402
28611
10640
10433
16320
-32069
-23778
-23748
-1223
-17069
-29932
14756
10690
10145
-28544
-8167
31745
-22233
-26079
-24320
-14224
-32463
9148
-31859
-22503
14225
10464
-14208
-16830
-29181
6531
-22109
-12222
-21920
6402
14010
-27874
-6086
-17871
-30174
8833
8878
-32117
-28792
-26839
-15268
-19157
-27347
-31989
-281
33
-12007
-8120
-11959
-24279
-27860
2057
-29822
2692
-13532
-17838
-29933
6804
-29692
-17610
-18109
544
17357
16571
22744
14769
14785
6833
-26237
-28622
25353
16297
20131
7062
2709
2435
14258
-19717
21045
17099
13259
16827
8634
12473
24504
16329
16568
22488
20408
8392
12714
16570
9403
4764
-31988
652
-32502
-24815
-29691
-26107
-29950
-29933
7172
22946
12225
13001
4796
1421
652
781
-27893
-19908
-20406
-18368
-17840
-18352
-21982
7172
11173
10915
10129
12456
20441
14784
18882
14515
-31558
-31476
-19429
-15557
-32726
22696
15316
15284
10932
6837
15251
15043
14786
14786
18385
12208
17407
10803
2452
-25838
-25583
3638
7316
7043
2452
10643
22480
14272
20409
20424
8128
12232
153
-28134
-24022
539
-32614
-5532
-5791
-18096
-18352
-18128
-17871
-17100
-29677
-29691
-29691
3076
6787
18851
14770
22448
12488
12730
8892
4525
4524
-23286
-23747
-19637
-11959
-21389
-20956
2691
6788
11155
18867
14785
10177
8096
18616
14497
26584
16304
-29402
-20717
-30333
10643
7044
-29821
3219
21500
6724
3986
4521
-28276
-20181
-22207
12406
16570
4604
5019
4874
-26087
-16621
7093
8337
20650
12233
6336
32640
-27599
-17293
-16621
6802
12179
12449
-30064
-25152
6546
4355
-17880
-17016
10930
12227
5972
-10127
-5856
-26608
4368
0
6529
8185
12777
12728
14760
10464
12232
8873
5768
-13710
-13760
-26608
1024
-27878
-22512
-976
-5839
-22479
-24264
-16069
-22487
6786
10630
23079
15298
-12294
10566
6561
-30205
-26093
7171
18424
16568
1944
-21503
-29951
6276
-20649
-17661
-28064
265
-30328
-14318
-24024
14235
23218
1957
-23552
-32481
1930
14769
10435
-32624
-30933
-30606
2337
8440
202
-26231
-30685
-23232
-28663
3715
-25694
12674
9215
12248
11218
6548
-26606
-16070
-24534
-30575
4760
14093
4747
3000
-25339
-22510
-19174
-27620
1929
8097
2087
-22238
-23797
4287
10681
6822
6149
-27650
12854
-24148
-6040
-24264
20938
12249
2721
2054
-28382
-16328
10762
14816
-30014
-8141
-19864
-31957
16329
10704
-21614
-9934
-24008
-31971
28816
16288
6560
-21357
-21743
-23525
-31461
-17888
-30398
21194
4828
-24692
2562
22965
-22142
-26510
-28607
-15574
-24018
-27892
8620
20665
-30080
-21724
4098
943
1931
19603
15811
-17661
-21901
-24526
-15557
-16068
-27861
8878
13483
2456
-30590
25017
14552
15299
31235
-967
-9903
-22192
49
4745
-32610
-30072
10628
12448
-28032
-16784
-22254
5017
-31588
2314
15008
6641
-31998
-30089
-26095
-23669
-28147
6176
28579
8104
-26708
32664
16387
10113
-9796
-17400
6420
29719
168
-17766
-30076
16803
-19952
-26256
2945
6121
6017
-30429
-5862
-32580
8603
30371
-32679
-30072
4296
168
6437
4354
-16118
-10177
776
12937
6552
-25367
2192
-27887
18807
-30832
-5878
27881
-32695
1032
288
10136
7848
2008
2050
-26332
-24568
-13938
152
30464
-26536
-119
-30804
14209
8337
-30125
-32376
-694
128
-28136
6161
-39
-16998
160
29239
-30584
2720
-26424
2068
-31728
-26527
936
-18035
20888
-30712
10115
-14166
-1653
9864
-30349
-28534
-21990
9162
2576
24723
-17647
10371
-22050
16915
-22646
10499
-18484
6163
5851
2162
-24677
2576
-32550
4149
-28519
338
-18290
23026
575
4105
14225
-21576
-17264
-12387
8567
-21879
145
-9718
17280
-30448
12960
7971
-30502
4099
-22519
288
-22611
10664
-32003
4215
-17910
8584
-13813
24976
-30175
4520
-29597
-18485
12835
-14069
16785
-16887
1960
29971
2081
-26421
10626
-13926
9236
-26576
17560
-20983
-32566
6180
-18279
8737
-18035
11168
25253
6483
-13908
4352
-17911
21672
10531
424
-25063
-28694
12307
-17398
392
-13255
-4632
-26310
29207
-29679
-26710
35
-18292
25473
2320
2192
-9456
-24166
8768
-26182
1
6306
-12988
-14404
12901
-17368
-28470
8241
-9797
21251
-30159
-26711
-17400
-24374
21010
-26104
168
-17616
-22036
21079
-17135
-24405
13106
-17764
29106
6196
-17765
425
2578
-30775
4390
-13286
-26389
21255
2596
-9797
4609
-21735
234
12853
-22016
-28408
-17652
4810
14629
-18038
-32128
-22486
-32259
8566
-13527
-32580
-21249
12347
-9558
13458
4434
-13669
-55
10275
-14198
4744
-29640
-26117
29223
-30174
-14148
8833
-21480
-28470
12854
-21472
-30823
-25856
-28740
12868
-17399
-28726
8194
-23670
13175
-17367
32731
16386
-17528
5264
12866
-17652
-30742
12290
-21736
-28007
10273
-17460
29463
-29901
-18241
8832
-29935
-26662
9015
-25824
-22342
2449
-14438
9761
-30192
-22053
6016
25638
8515
-9317
32681
2081
-17988
29331
4163
-11764
-17865
-24695
-22098
9128
6180
-18295
3992
2970
30404
10322
-13413
-32616
34
-22099
25217
8227
-13556
-24645
17186
-25720
32681
51
-13922
30354
10291
-1621
424
4145
-22083
21394
6194
-18021
-32597
2489
6291
-28604
-14035
32684
9881
13156
-25808
-22533
8576
-21488
32714
21331
-30191
-21317
-22120
-32640
833
6025
-21846
-17190
13993
9078
-25848
-26406
4354
-9463
938
16964
-30464
-26180
23287
-30667
12562
-22512
9472
-25824
-22274
921
8821
-21976
-22580
8704
-21367
-32583
9301
-30176
-22324
8576
-26078
-22597
16931
-5494
-28198
13429
-26079
-22309
12672
-21472
-26677
17206
2592
-17510
-18536
-28279
4624
14225
-29694
-1108
-28791
29735
6434
-9301
136
-30671
-22355
21378
8244
-9285
185
4147
-14197
4776
6196
-9318
29571
6197
-9589
-32343
4387
-13908
17312
12611
-17143
-18245
13314
-31229
-25805
-30773
8485
-13430
-14405
21286
10292
-13685
425
10289
-13876
13729
12596
-17144
-10053
4360
-30448
1993
8469
-17136
-22357
30228
8226
-13430
-28759
4130
-9828
9368
16693
-17400
-22582
12818
-21736
699
16724
-21623
-28502
25636
12322
-13157
-30550
2065
-18020
13968
8532
-9591
-28229
8756
-17398
4282
12611
-13926
-31831
17253
-30173
-13876
-32360
6177
-17974
30467
-30687
-17748
4776
10531
-30471
-14030
13185
2098
-22100
18065
9058
-17399
-30502
8194
-13560
-28470
13156
-17128
-26678
8739
-13303
697
12868
-21223
-26710
25125
2339
-9796
400
-30414
-17716
29570
2097
-17985
8592
2338
-18501
21284
-21967
-22052
17537
12611
-17014
170
8227
-9333
9625
4162
-9828
4265
8242
-13654
8833
-30126
-18260
22018
12867
-13543
-22566
8193
-13687
13489
10563
-5717
-96
-26352
-24389
17206
-26072
17402
-24533
17427
21046
2578
-13910
529
-28392
-24420
1949
-21541
-26135
-22120
-22631
18195
17202
12801
25623
10290
-17730
4265
-29934
-24357
16659
-21858
4521
6691
-32624
4196
-10084
4760
12563
17957
4178
-14197
665
-29943
16857
7442
-26150
6019
-13815
4897
-5604
-32309
10530
-28181
12901
-30173
-26488
1041
779
25921
-13395
-30519
-30568
13315
-17870
-24439
-28591
-28407
13157
-30413
-21744
4948
16395
-13527
-23889
-22231
-26626
8081
2224
16423
-22272
-26590
-18407
29714
8585
32702
-26454
12688
10818
32763
-12663
-30760
2082
8707
-22206
12614
-28497
4912
-22486
4112
-14147
3586
-70
2177
-5736
-502
257
-24039
5169
-32373
16896
28804
12200
12564
-16878
-17280
-22360
-26328
1417
-24293
-13512
-1381
-29183
169
-24312
6260
8466
520
2336
9963
-18407
-25803
14739
987
-24264
4392
13243
30720
6701
4329
-29792
2434
-125
-1976
-17855
1568
-31175
-32464
20353
8634
-26224
3095
-21615
-13278
-22015
-31983
-14291
8841
25547
-26435
10152
16305
6148
-25033
2581
6035
-24312
-9880
-13775
-30446
937
-27638
-32727
8857
-32613
-758
-28925
7074
2194
-17374
-17854
-22190
-24270
-20128
-16310
-25279
22417
17080
155
-24813
106
29
8616
-28020
-11941
-32214
21146
9164
412
-32758
6272
7088
-30319
6908
2857
13233
-13800
-4556
2308
17065
9164
5275
522
2057
-29149
6404
17048
1179
-18423
-17870
264
-102
-23041
-15845
-12992
-29660
6291
-32104
-11989
-13967
-25564
6402
16824
-31829
-20180
-14008
-28632
-32248
-24294
-23718
1835
-21663
-29129
6547
16320
8617
522
-9216
-21227
2820
10130
8617
32666
-10208
-23486
-24488
-21752
-29695
129
-27360
-24263
-32694
14762
8703
12776
-28500
-12263
-28608
-20999
8760
6483
-21360
201
13498
777
-24536
-9680
2432
3971
-14657
-31732
-28405
-30592
10162
9466
29953
8618
475
-24182
-22479
6450
20650
8922
-13671
-25306
2580
32640
-32614
-22247
7203
29719
924
-28274
-22503
-29917
6403
4776
9644
-32353
-23798
-9904
-14287
4096
12472
25768
651
-20340
-10184
-30175
14209
4776
-27892
-24279
-1416
-17855
-29660
10386
440
-14054
-24014
-26249
3090
18610
-24322
6204
-22008
-17357
6420
17297
32653
-13800
3347
18610
4809
-16245
9793
4376
-14454
-13808
10753
8409
-31832
2065
28707
-25336
-24909
2177
665
158
-29943
17303
-23751
-9384
-25069
32642
-20087
-16295
-26288
2081
-30463
2490
-25952
-6111
-20149
-22487
18145
-22431
-21454
10401
4344
-18422
-21679
2084
13200
10137
-26708
-29784
-29548
-30572
8608
703
2661
6276
8649
-32609
-22248
10883
20673
17151
825
-22472
-14055
156
2248
10946
21649
5087
28841
22704
2465
-14063
-26592
8585
16826
6272
2342
-28790
-20210
-21736
6660
8904
-20083
22360
1034
-30582
7809
6289
-23927
-19895
344
21144
32685
-16888
7427
10146
-28021
-14247
9746
-23511
-14278
6536
8424
-24663
-21694
68
5897
-10214
-25328
14738
4552
-16374
-17855
14081
-17839
-17566
769
-27441
396
14345
18337
4264
-1749
-17616
28153
8512
14027
-28532
-30184
12452
-21164
-21468
-24320
-19428
-28343
8448
12731
1964
-13816
-26060
-26316
-19702
-12017
-32744
17576
2885
2964
-26455
-6096
-32461
1545
-24549
8089
-32579
-29933
10503
-28230
-5606
10258
4008
29719
-32629
-26230
12505
12192
10517
-30574
-18424
-4065
-32232
4633
1946
2761
3218
4102
5771
-24200
266
190
14224
16289
-29693
130
-6081
280
522
10128
2280
-25213
-17938
62
-22728
-22415
-28149
-28660
20905
6024
18308
-9471
-18176
-23271
825
6059
3272
2993
9987
-32652
-22646
-26359
445
10242
20640
-25549
-22615
-9407
1193
4145
186
-16760
32712
-26351
9216
12407
-21592
-30591
-10231
5395
-28647
22564
-13398
-111
-22248
1057
-22643
6057
-30304
30503
-30176
-30822
-26096
-32054
8258
-32615
6691
-22276
-29944
1211
8259
-26453
14372
-10052
8722
-22992
4471
6936
-17857
665
-17526
13240
-30654
384
-13016
-28725
8211
-30823
8210
-26418
4266
30519
2577
-18261
-32751
-14147
25219
-32735
3976
6929
-17923
8840
6210
32681
-30176
-13907
-32344
26400
4178
-9845
32665
-25975
-28485
13156
8992
10280
-25894
10402
565
-14326
-17908
-18517
30519
6195
-17749
-30576
-596
4538
16948
24
2337
-13394
32698
34
-32631
8995
-17654
9401
29781
6178
-22100
1952
22272
-9165
-27989
13140
8244
-17252
32697
4360
-22646
-18294
-26368
-24288
21879
8242
-13925
-30808
-30184
-17683
17297
8995
4384
-9459
-24661
8739
-13541
152
-26102
-32276
30340
12354
-21607
-32624
-13527
-17973
25091
-30703
-25848
-17990
648
2898
-26423
-26736
-16372
29696
21063
6689
-9541
-32640
-13813
-31813
12885
-29662
-17988
256
-22263
8600
12611
-9589
202
17015
-30158
-17972
-32376
-29951
-26646
-9480
16694
2320
-28759
25219
6451
-5221
-17989
-14421
4130
22304
13171
-16856
-26180
4496
-26591
-28518
16980
-17655
424
-13781
13464
6417
-9317
-26456
-30823
13952
12919
-25824
-22580
4609
-13431
424
12900
-17096
-17717
20866
2336
32665
2304
-9573
1723
17264
-30159
-22579
8705
-16896
-28742
21555
24
-26471
-32581
-17253
-28725
13059
-21720
-20564
25943
12851
-9318
-28487
4386
-13635
12944
6451
13054
-17614
-119
17282
13139
-17640
-21780
-22360
-30583
5897
8823
-22000
-22595
8705
-17152
-32326
17251
-25823
-22308
4497
2082
136
2832
-17158
32714
9333
-26335
-22324
8577
-25552
-18244
21522
6433
-18005
-128
-28392
4904
-21238
-17445
-22360
-32248
29783
8227
-9286
-32600
50
-18292
29826
10531
-5444
153
8242
-25958
4768
6722
-18498
17479
-30431
-22068
4753
-29918
-22324
17412
6705
-13635
3568
4663
8244
-22135
4264
2850
-13364
30082
8499
-13413
-32582
12338
-13412
9384
12596
-21480
-14134
4232
2065
-28774
12562
-1271
-20277
17525
2354
-17987
8601
-29934
-22323
21523
4403
-9317
-22597
4609
6176
-32368
2114
-13667
1242
13412
-25840
-22053
12673
-21455
-22581
21301
2097
-17731
-32582
16691
-25848
-32343
545
-22065
14041
16979
-17384
-26421
8706
-21223
-32310
13110
2609
-17716
185
-25859
14383
-13926
8857
10530
-13573
29605
12355
-9589
-28727
12578
-17013
936
16963
-21736
-17957
8592
2610
-14148
4480
-29695
-10294
25399
67
-17748
696
10803
-13875
9361
4675
-13430
-22357
8706
-26335
-28742
8740
-5095
-32084
9335
-29936
-22339
12672
-29663
-22596
21284
2354
-17731
187
8740
-21750
185
10513
-17187
22192
12867
-13046
-28758
12578
-9462
5050
12628
-25832
-22053
8576
2338
-11268
-13780
8072
-20960
-14148
25655
2083
-17987
8872
6706
-14132
17667
4146
-17764
32714
8466
-21751
32713
10112
-17189
5832
16995
-21480
-24645
8724
-13302
697
12884
-21504
-17988
4480
2610
-14181
4608
-21991
-26388
29991
6434
-13924
408
2353
-22339
29187
6193
-9573
-28503
8450
-25974
-30792
4115
-12904
4249
25463
-30174
-17732
8832
-21240
-32325
8789
-21728
-18211
8592
10289
-30584
-30462
-22274
-14044
-32208
9868
21348
-29935
-22565
8979
-9444
955
12339
-5457
-24646
16948
16
8961
6930
-26150
-25704
-29990
29365
14627
-17511
6179
-5745
-32359
49
-9317
4736
4194
521
21299
-26358
-12887
-17733
2449
-1382
9729
-27861
30224
6152
10169
-21590
-30551
13605
321
289
3994
4058
409
-13231
-10358
-1239
-24423
1049
13834
4656
-32512
9298
-22480
25124
-25600
4536
-20984
-26455
27399
-9176
-22564
-13923
4248
-25840
6404
-22359
13172
8802
17219
-17624
-22136
-18229
-22580
4489
-25173
4569
-32736
6181
2356
-30427
-480
-30848
648
-22224
-18534
7188
28852
4224
6724
12548
-10084
-28277
-16373
8192
8409
-9206
-30205
2871
-28542
-19896
-10150
-28134
-28103
11076
10232
8361
6691
-12341
-17839
4450
-27493
-10198
-25054
16576
939
-9672
-29934
3984
-25856
14754
21497
-28151
-25021
28675
10295
12728
-20342
-21920
536
10009
5658
-22502
-25208
8120
-28228
-9925
6162
1228
-19939
-21663
10756
4568
-28005
-9416
11011
12792
-31828
-18136
-29869
6164
640
-8133
-17840
10755
17112
445
-24551
6179
6800
-8792
2692
6277
12675
12578
12416
731
-19793
-14020
-25071
16328
700
-24692
-23526
-7621
-12196
-18368
-22478
536
-31972
-31986
13322
29113
8906
4540
14472
11171
-21840
-720
-3076
-13773
-21983
-26591
1419
-31219
-19413
-20391
-26304
-30687
20880
21179
9660
652
-32245
-28389
-22647
-26230
3992
-12148
-16832
-29642
6276
2192
-12247
-10175
-13999
-20941
2836
14499
12729
-24179
-1975
-9935
-18111
-29918
-30702
-27383
-15829
-18071
-21951
6418
18384
12729
-27493
-19397
-32198
22914
15812
11940
2707
10146
12488
411
-23782
-27831
12440
20464
12745
941
-19701
-14293
-13776
-28365
-27080
6907
821
13195
-23668
-12199
-18368
-26063
6280
12232
12490
5099
409
-14072
-24478
-26505
-22272
32664
8328
528
-24568
-5104
3092
-28924
2435
8354
4813
-31843
-31971
1292
-22472
-13512
6273
16592
8857
32650
-26616
3352
18672
20417
12488
8907
411
10625
28567
5547
-32355
-28646
-26063
6674
16832
-32067
-20196
-17342
-29659
-30334
6530
14243
6967
-29293
2209
8336
256
-14048
-13535
17666
15104
-10949
-23780
-19910
-26328
1954
9484
12715
18325
12248
8907
32681
-25580
2820
14225
-29052
-29803
10387
4264
-12278
-17856
-21950
9250
-23509
-6101
-30168
12440
1468
-28663
4912
-15553
-24531
-29679
10916
4272
-12005
-20400
2420
10129
4314
-16373
-17855
6147
21433
14345
15048
4344
-23653
-24532
-28632
4360
30353
-31926
-17655
-24830
10129
-31846
-16087
-22447
-29644
10674
8440
-28245
-10199
-26334
761
13102
30355
8730
-17781
-12525
2178
-27768
-15814
-28608
-29404
6562
6096
-12406
-14280
4648
17371
29345
12216
-29784
-20861
2434
-27896
-19397
-32440
7716
6561
185
-4068
-18144
528
13755
29856
-32247
-21760
7040
8392
-28486
-21708
10279
22403
4298
-68
-13688
-29948
12448
-23411
1835
-26511
-30448
8345
-32307
-17894
-30426
4226
1577
-15845
-8149
-21736
2434
-27240
-1927
-16312
-28336
-24296
-756
-12226
-10192
-22512
-20183
-20392
-28591
-28392
-17784
-16621
-30574
-20344
-18088
-30687
30354
-27557
-24551
2312
4555
-30806
2901
12819
-5846
-12527
10899
-28000
-4021
-14032
-26094
30084
651
-26356
6529
16592
-32616
-29405
2306
-24166
-1734
-26590
-32240
-20467
-26103
2963
14484
30485
-24003
-22486
16825
8650
11009
22437
-22375
-9183
2
-23542
-22455
3992
8666
30336
-32504
6297
6105
2192
6020
30472
2105
-17615
-21712
-24081
538
16392
10185
-25928
-17918
-22989
30839
-30824
-25600
-30831
-18415
8738
-27077
-21432
32714
2824
12707
-1495
2578
-24404
25429
-32759
6553
-30487
6546
129
100
-28416
2881
-28676
6024
2192
6531
-18007
10757
8954
24695
-26472
-30463
-18021
290
-28275
12609
8875
-20703
32745
-30157
-23894
-30623
-28502
8209
30408
-30624
-28502
2328
-32534
10259
-32600
6244
-10052
18676
316
-26486
20739
-25976
4001
-18664
4470
-17910
4761
-17525
8904
6690
9106
4212
-17748
136
-25848
12960
-20703
-27958
-27860
17015
-21760
-32328
-17119
-28484
8754
-13686
8082
-21352
145
1072
-18360
-17473
-87
-25599
-28776
29303
-26096
32697
-25806
-18500
21315
280
18452
-13139
-32600
8210
4360
-17526
-22293
25730
8259
-13909
4776
-29920
5304
-12751
-32326
13111
-9461
-103
-26608
-22615
11257
4147
-26487
13696
13173
-29919
-24643
-30192
-21780
13240
264
1560
2385
-17732
16529
-26096
8578
-26031
-26689
25985
8499
-9557
3984
-21472
-26644
8705
29058
12561
-13652
-22309
12802
-30687
4865
10563
-22053
30082
4419
-18036
12713
-13411
32681
22035
-30688
-18166
-17408
-30576
8833
4418
-30712
-30840
30215
6178
-25924
-28725
-29662
-23862
12662
-13941
1937
-13815
-12263
-32687
-30447
3976
4097
20221
-22738
13170
-17142
-30758
8210
-18166
-27638
14162
-9430
-30848
-21247
-28742
13348
-26352
170
4131
-13414
29703
2593
-17988
13059
-16855
-24389
12326
-21624
-32583
4915
-26598
13994
-30184
-17972
22162
4194
-17782
8856
3635
-17956
9624
528
4129
-17013
-26421
12930
-30670
-18039
17155
14097
8567
-25832
-24629
6418
-9299
696
12868
-26344
-30848
-9556
-32342
8514
-22007
-32615
2594
30519
2355
-31478
-13765
400
-26096
32716
8514
12579
-32358
-16630
-18181
21137
-30447
-26214
8721
-30966
13428
-25576
-26677
6145
-13667
9656
16963
-26615
-18262
-21247
6305
16514
1929
-22340
-103
30341
12339
-17252
168
-30174
-22338
21378
2593
-26471
2193
-32374
649
-29631
-9540
-26696
-27632
29303
-26351
-14149
4609
-13047
186
8274
-30840
9216
-30432
-21781
4008
2064
-10100
-32615
30467
8562
-17527
-32583
-19452
6454
-13890
13712
4146
-22135
-30848
-21607
-28230
25379
-30208
-17445
4240
13175
2625
-17731
4504
-26095
32730
16965
-13558
128
8481
-22390
-30064
-9080
-10102
-26742
18184
17011
-17128
-26422
12818
-21752
17569
4420
-25975
-30294
-16983
-32600
4641
-17895
-17413
-30791
25623
12339
-13651
-32599
8241
-28774
17446
2354
-13892
-28742
8705
16931
-30447
-13651
-13891
649
13175
-29904
-22323
4488
-25848
-14608
-32458
12884
-26624
32668
6145
2705
-30064
-18534
-10049
-28484
30080
13139
-16631
-26694
4113
-9557
13712
8514
-30711
14466
-9299
-30824
2064
-26743
2473
8136
30503
4146
-13669
425
6450
-22579
20995
-29935
-26678
-17614
-5607
1962
2217
-29280
-21871
-28158
30327
2065
-22102
4240
-17392
-32551
13109
-21736
-30279
-25168
9104
4947
-13685
-22069
-30792
17810
13428
-26096
-17988
6024
-13924
9361
26120
8766
-30440
1961
-22053
32730
8705
-30448
-14437
-30823
30355
8306
-13686
-32328
4405
-13652
13456
8500
1
-13428
-18244
12945
4146
-18293
2064
-21743
30519
6210
-9813
152
2592
-26661
21284
-30191
-28487
97
-9828
-30824
1936
-29694
1936
5428
13173
-30414
-22068
-30312
-13363
4520
25396
-26080
1920
-21367
-24612
4609
-30703
2312
-26624
-27392
13174
-30143
-18228
12952
-25840
-14101
17189
32278
4667
-13301
-9541
-30824
4370
8226
-26343
-18006
5888
13431
-30176
-22340
8834
-13312
-17973
25730
2097
2200
2217
-26678
4992
-26591
-13923
-22614
1041
13175
-30399
-18243
160
2593
-17733
30356
-30704
-26742
-26728
1928
8961
4146
-17777
-22580
650
17271
2609
-17972
12801
-20943
-22069
21507
4128
-18038
2048
-17749
8066
14387
-612
-22102
4481
13175
2130
-17748
4249
-26080
-22550
13092
-26873
4148
-9957
-30311
2704
-26152
416
-26047
-21590
4512
30327
6417
-13925
408
2576
-26660
16933
2353
-22376
-17912
-18533
-30819
-30064
-13112
-26480
-28653
21367
6451
-17730
4520
2339
-17986
13699
6178
-32248
-20454
650
-22097
-25959
-5224
-9815
-28407
17525
10291
-13892
425
-21487
-18228
17428
4402
-26486
-18022
-30592
-13144
-30832
-21624
-9541
32664
17527
2083
-17748
4777
2114
-17972
13076
-22266
6192
1944
32700
153
-13382
-17024
-21351
-10037
649
17270
2354
-13635
409
-26334
-22325
13351
2081
-22136
-18552
5136
41
-26150
-25398
-13655
-14336
17765
2097
-17986
8848
10562
-17717
13441
6450
4281
3842
-21592
-28784
794
32652
-29991
2720
30279
2083
-13925
425
-25824
-22275
13202
4404
-26624
-32512
4377
6043
11665
-16679
-17734
-22648
21303
8259
-13652
-32088
8227
-18020
17540
-28664
-30156
-26471
-24438
10032
4128
-26453
-13160
-13636
1944
29479
8274
-13414
-26711
4113
-17762
17552
8243
-18039
-22359
256
6161
4249
18436
-13108
32681
30498
16691
-13157
-30791
4370
-17781
21762
4403
4736
-17351
-25943
-26114
32666
4098
-13559
1952
29990
12866
-13430
-26693
2065
-17989
29970
12866
-17896
-26496
-1014
-21864
-26728
8195
-88
4506
26453
16707
-21735
-22581
8065
-1014
168
-10499
9266
-30431
-30552
8082
-1110
-22087
-30464
-18274
4795
25605
13156
-21487
-22325
4609
-13302
1211
16964
-25840
-25926
8344
-30711
-26725
137
-5697
32700
17281
21363
-30176
-22595
13057
-13288
-26406
12801
2610
6360
17057
-25583
-13889
-32599
-32504
138
29315
16997
-29903
-17973
8976
-5334
698
17236
-30432
1961
2217
-17446
-17715
-32102
593
-32752
-28656
29735
6195
-13651
-32600
2609
-17973
4090
21298
4658
-18259
4504
14337
-17715
-26407
17
-26088
8706
25956
8500
-9590
-28742
-25600
-18212
13953
4418
-26608
-26344
640
-17368
-21798
6088
-22087
-54
26387
13139
17128
-22325
12546
-17271
13728
6242
-18038
-30038
1993
12178
6197
275
-22240
-14146
154
29735
2338
-17716
9105
2113
-18261
13585
2609
-21541
-26711
17
-28535
18003
6193
-21828
6336
25858
12627
-9205
170
10307
3
-9422
425
13111
-25847
-26646
12675
2064
-22581
8
-18001
5016
13620
17219
-21480
-22596
12819
-9463
32731
8979
6424
-21764
9104
-26559
9250
6482
-17474
-22598
8961
16996
-30414
-17988
13187
-12776
-22581
21012
2088
-18485
-32488
-30446
128
12613
-13046
-26709
8976
13157
-20702
-18228
9217
2611
-22339
13697
306
-22116
13472
-29918
-13861
8449
-9462
-24374
21571
8514
-30440
-32598
21027
16906
-16600
-26660
13057
7201
-17701
6050
-21991
5784
12867
-25974
4282
21013
12611
-5237
-28486
9044
4642
289
-486
-9540
1960
20754
520
8464
-17782
-26661
12802
16965
-29661
-13860
4992
4130
768
6225
-21825
-88
4099
-22271
-16767
-24661
13585
14131
16950
-25312
-22084
4241
4096
1408
2592
-22562
4224
13058
8210
-29676
-16963
-30550
4480
13095
-29935
-26646
8721
-26351
29699
-29677
12544
-21976
-30464
-17751
29332
-25823
1938
2133
9507
8819
-9332
-22613
4626
264
17205
-16863
32682
-31991
-21876
-17733
-10038
-24294
5441
30259
8224
-17765
16818
4435
-17912
-18176
-1777
32650
6657
-17429
-22327
4100
309
13619
4434
-22486
923
12169
-25639
-21576
-21880
-28416
13073
-752
-26710
25729
281
5128
8482
-30786
8376
18563
-608
-18296
-28664
-31989
13225
6696
12551
6230
-29917
-9983
8740
-22190
-18500
13312
2576
-10051
-32615
-13800
-9317
-32640
-22262
-23254
13905
-28640
12674
11301
-30800
355
-1991
-20596
-30839
-26710
-32321
25354
4248
8082
4215
-26351
-24040
1082
-30801
1920
-17119
-13671
4057
-30199
-17494
12549
10770
-19799
30035
-29663
-28784
5952
-28133
428
12289
11192
10233
10433
-14184
-10214
-28127
-21976
20938
20376
2480
5906
10272
-29676
-32492
8246
-9728
-16503
-30464
4893
-13381
-22358
13465
-26435
-30279
8470
2596
-18432
25172
19
-2006
-28352
6689
6048
2025
-25952
6592
-40
3201
12448
4372
-1240
-6078
2104
-1781
-10216
-25790
-21229
-26606
-32463
-16069
-1752
-32176
313
-28517
25139
15800
14546
18354
19105
10150
6321
8196
-16604
-20448
-15862
-22472
-32337
16299
6104
10144
28579
-30567
-28376
16793
-24052
-16209
-27861
-22463
16256
-27378
-19654
-27572
9216
-19428
-14288
-29440
10757
4496
-16373
2953
14613
4024
8681
15633
18851
1985
307
-14070
14659
14981
10489
20931
18848
-27494
-26232
15012
19091
15352
10914
20897
6155
18834
7175
1976
-30566
-37
4538
4946
-1717
2340
10754
-21504
4040
12051
456
-16328
1065
-23793
-27893
6409
-22104
175
16330
-17719
4273
24641
2992
10519
10279
1960
4898
-22160
-30174
14738
218
-32099
2401
23041
-26088
11394
2776
6137
-17752
-14401
12417
6786
4
6261
-30190
1032
-25776
-30590
-28670
-20209
-32735
-26029
5017
-22243
32682
-213
4537
9529
-20455
-16312
-20455
-18513
-28770
-28277
9226
13723
9626
-32192
4880
30002
-101
650
-9190
-22359
-9829
9617
-32431
8209
11010
16833
1945
-14178
-1528
-25566
2052
-30703
-9902
-9440
2049
-26726
5768
-24503
-30142
6800
28852
4777
652
-22499
