-11
-1
0
1
0
1
0
1
0
0
0
0
0
0
0
0
0
0
0
0
0
0
0
0
0
0
0
0
0
0
0
0
0
0
0
0
0
0
0
0
0
0
0
0
0
0
0
0
0
0
0
0
0
0
0
0
0
0
0
0
0
0
0
0
0
0
0
0
0
0
0
0
0
0
0
0
0
0
0
0
0
0
0
0
0
0
0
0
0
0
0
0
0
0
0
0
0
0
0
0
0
0
0
0
0
0
0
0
0
0
0
0
0
0
0
0
0
0
0
0
-1
-1
-1
0
-1
-11
-18
-8
4
3
-1
5
21
11
17
42
98
90
53
59
65
49
24
20
32
14
38
59
46
8
-30
-35
-57
-53
-63
-94
-157
-148
-156
-178
-132
-175
-225
-219
-188
-204
-229
-198
-177
-211
-252
-214
-219
-278
-302
-265
-204
-245
-223
-177
-245
-308
-267
-230
-291
-283
-216
-171
-114
-166
-212
-156
-89
-62
-86
-108
-62
31
97
85
74
124
115
156
223
178
170
207
226
208
203
259
222
161
218
270
224
168
161
167
223
230
211
254
238
162
151
241
229
174
184
211
268
275
269
251
256
200
118
107
157
148
74
124
169
128
106
73
67
72
16
-21
-2
16
54
120
93
36
43
117
127
64
56
78
111
167
160
166
123
107
132
128
90
85
153
163
100
92
174
207
177
150
158
210
164
83
138
208
163
122
204
193
143
206
198
131
158
199
162
88
58
31
55
48
-26
-56
-11
-19
-71
-65
-83
-133
-114
-83
-78
-124
-130
-125
-171
-239
-248
-272
-339
-330
-273
-236
-269
-287
-271
-306
-328
-340
-374
-378
-340
-345
-395
-389
-346
-330
-274
-281
-287
-305
-289
-213
-180
-230
-257
-134
-82
-130
-87
33
81
8
-5
31
86
116
125
166
233
260
268
261
215
209
292
352
385
435
408
384
421
467
449
399
445
476
426
472
540
513
489
482
515
497
470
445
432
436
380
339
391
372
316
249
240
281
274
213
205
153
79
9
-18
-10
-47
-80
-111
-116
-101
-105
-160
-212
-258
-276
-260
-265
-296
-342
-324
-308
-333
-383
-402
-384
-456
-426
-363
-355
-422
-431
-390
-427
-408
-365
-304
-328
-291
-203
-191
-224
-214
-169
-177
-199
-166
-172
-156
-161
-157
-136
-102
-89
-77
-111
-124
-78
-121
-148
-92
-25
-52
-159
-173
-107
-95
-128
-158
-149
-125
-132
-206
-216
-116
-129
-165
-220
-210
-165
-222
-215
-234
-277
-250
-225
-175
-156
-199
-194
-189
-230
-214
-209
-213
-225
-215
-163
-126
-145
-127
-89
-74
-115
-88
-12
-23
-93
-66
-42
-20
13
-18
-13
63
140
150
123
115
167
186
130
137
183
165
138
113
135
156
159
135
163
153
101
79
125
156
106
100
131
115
59
81
127
96
58
33
55
84
50
19
23
-2
-19
2
-11
1
-5
-11
-9
-24
-47
-75
-100
-83
-43
-81
-86
-99
-87
-90
-93
-47
-41
-59
-75
-9
36
-5
-27
-33
-39
-23
53
20
-30
-39
-15
52
43
51
73
79
73
156
144
67
97
179
146
56
116
171
121
130
187
224
178
122
129
135
92
97
102
80
59
69
86
58
24
20
-18
-74
-81
-48
-79
-117
-92
-70
-74
-115
-77
-31
-99
-162
-138
-116
-217
-290
-198
-138
-149
-159
-150
-207
-244
-211
-217
-212
-207
-157
-111
-55
-33
-52
-83
-110
-105
-101
-80
-62
-31
32
59
83
90
123
117
90
156
129
55
105
187
176
166
229
237
230
249
243
238
223
236
274
299
312
358
376
360
335
313
359
341
280
337
374
313
256
234
253
247
220
245
195
149
192
253
245
193
174
168
251
311
190
174
247
234
174
185
215
170
162
214
195
139
161
128
110
115
100
113
159
177
182
167
136
140
122
160
236
225
235
280
288
281
300
343
370
345
295
328
396
423
382
360
393
387
326
302
324
291
248
264
249
236
224
199
168
130
135
113
50
-13
11
4
-84
-120
-131
-161
-206
-230
-297
-360
-336
-358
-404
-410
-426
-461
-511
-517
-461
-483
-529
-511
-527
-552
-539
-484
-462
-468
-536
-527
-420
-377
-416
-452
-397
-307
-295
-328
-298
-235
-259
-311
-265
-222
-249
-234
-193
-155
-89
-62
-38
-16
45
86
34
15
71
168
181
169
180
170
197
254
321
276
219
316
329
317
262
252
261
269
336
291
234
227
221
215
188
203
181
135
117
155
160
147
84
39
80
73
27
-4
1
-65
-110
-151
-173
-206
-200
-162
-197
-156
-172
-248
-259
-249
-331
-386
-316
-271
-263
-285
-279
-261
-266
-301
-314
-251
-188
-212
-160
-59
-45
-32
-44
-77
-127
-118
-110
-73
-79
-73
10
70
37
67
76
68
61
55
24
40
75
71
83
73
42
54
64
81
47
-21
-71
-98
-106
-128
-122
-116
-154
-169
-156
-211
-233
-214
-282
-345
-369
-362
-368
-362
-412
-473
-514
-521
-488
-457
-473
-468
-464
-493
-490
-507
-535
-501
-433
-483
-510
-436
-446
-528
-539
-469
-460
-468
-401
-374
-398
-361
-355
-398
-382
-316
-307
-200
-98
-137
-125
-48
-18
-27
-35
17
105
165
154
144
189
230
282
315
297
292
338
431
470
458
469
459
432
440
462
508
465
382
442
497
467
422
365
387
406
424
397
321
288
298
289
265
213
207
189
151
126
113
75
9
18
10
-12
-58
-76
-126
-159
-91
-82
-172
-232
-221
-251
-224
-200
-193
-174
-205
-200
-134
-89
-65
-147
-180
-150
-123
-99
-77
-58
35
48
36
69
59
86
110
117
123
154
204
171
189
239
220
226
253
268
209
201
268
259
316
353
347
329
401
431
295
237
254
335
321
229
241
164
74
86
97
87
42
1
-36
-17
-48
-86
-111
-133
-171
-146
-168
-231
-276
-300
-352
-385
-391
-386
-340
-297
-313
-338
-369
-381
-363
-346
-374
-340
-318
-364
-321
-283
-329
-385
-363
-344
-251
-159
-171
-116
-86
-59
-67
-45
-51
-20
63
99
66
156
265
279
240
252
263
253
262
254
232
226
232
270
326
363
357
289
226
234
271
332
340
303
270
252
302
308
277
227
208
214
198
163
104
128
121
102
96
80
24
17
78
37
-30
-93
-117
-95
-89
-71
-121
-154
-197
-192
-136
-158
-177
-183
-210
-225
-203
-140
-77
-85
-137
-131
-38
28
-8
-41
-71
-62
-38
-16
-35
8
58
64
95
133
138
188
289
332
293
281
292
342
369
345
308
275
257
262
277
236
220
225
256
252
203
197
191
196
130
67
91
128
82
26
63
57
1
8
14
-29
-112
-148
-137
-167
-212
-220
-153
-144
-218
-248
-221
-245
-282
-288
-282
-365
-353
-298
-268
-277
-367
-451
-396
-346
-319
-327
-320
-314
-320
-304
-299
-312
-316
-306
-316
-282
-295
-299
-243
-219
-271
-332
-291
-194
-181
-145
-90
-100
-127
-103
-36
-9
-33
-55
6
80
50
5
29
96
87
46
68
49
-19
-10
-18
-40
-46
-28
-33
-48
-7
20
5
-17
38
31
-43
-113
-104
3
46
33
-3
-14
-24
-15
9
-28
-61
-43
-59
-54
5
62
25
-36
-28
9
-37
-43
-5
-51
-57
26
86
31
41
50
91
128
95
113
129
124
111
174
237
147
63
74
104
77
3
-27
-18
-26
-63
-69
-63
-68
-63
-32
-28
-62
-93
-89
-79
-76
-122
-196
-206
-197
-205
-198
-192
-235
-240
-215
-246
-309
-409
-370
-261
-304
-343
-331
-320
-310
-337
-296
-348
-409
-368
-346
-340
-334
-318
-323
-364
-314
-268
-274
-224
-257
-275
-302
-358
-336
-275
-283
-320
-246
-236
-281
-240
-173
-182
-256
-266
-221
-147
-97
-124
-132
-139
-106
-88
-27
-51
-118
-91
-67
-30
-24
-18
-2
-17
-21
34
86
40
-28
-19
5
-2
17
11
6
21
25
13
-28
-12
3
25
63
88
101
130
112
60
67
48
17
12
37
68
56
90
86
82
116
120
82
87
109
97
56
40
55
-13
-3
79
90
20
-7
34
71
104
73
111
146
105
110
166
203
170
164
191
156
134
180
236
229
210
192
208
233
211
207
248
253
228
232
261
286
255
217
202
198
169
172
169
172
190
152
157
172
122
103
35
-10
-18
-11
-30
-86
-93
-87
-130
-202
-232
-259
-267
-274
-307
-313
-385
-435
-408
-367
-389
-463
-413
-368
-425
-432
-358
-368
-377
-353
-360
-379
-336
-275
-218
-225
-231
-249
-254
-239
-243
-239
-214
-183
-179
-138
-66
-16
47
71
93
74
56
72
128
180
199
193
220
235
231
243
261
278
318
323
298
311
349
384
406
418
384
325
301
338
357
289
207
240
330
342
331
321
330
354
257
218
278
267
197
188
245
238
205
187
171
105
132
108
-4
12
-2
64
52
19
-11
-20
-12
-49
-95
-126
-110
-125
-156
-118
-42
-31
-81
-72
-15
22
3
21
-6
40
96
103
57
26
109
145
134
124
115
205
241
252
262
217
209
231
264
320
313
267
249
265
270
202
192
219
211
204
185
191
175
140
81
24
31
-15
-108
-95
-83
-160
-190
-217
-274
-326
-320
-289
-339
-385
-342
-259
-271
-326
-336
-363
-387
-350
-289
-313
-395
-340
-270
-279
-353
-363
-300
-276
-298
-331
-288
-238
-312
-302
-184
-200
-243
-204
-120
-109
-99
-144
-152
-70
-15
-5
-14
43
80
61
55
60
116
153
120
114
152
208
201
195
226
210
205
192
146
128
178
211
168
152
228
261
211
202
210
173
140
146
173
158
136
124
90
68
80
90
45
-36
-113
-143
-116
-108
-145
-191
-185
-180
-226
-269
-307
-302
-343
-338
-303
-334
-397
-406
-382
-345
-299
-305
-332
-307
-285
-297
-241
-217
-239
-220
-152
-125
-117
-124
-143
-161
-156
-100
-78
-17
7
14
75
99
121
102
120
158
204
210
226
302
291
301
346
322
255
318
359
322
276
258
253
187
196
188
166
120
77
104
79
57
-6
-51
-10
-17
-36
-79
-74
-99
-121
-184
-266
-255
-265
-310
-367
-389
-370
-364
-348
-404
-441
-447
-478
-483
-529
-560
-522
-527
-531
-502
-484
-529
-572
-567
-501
-456
-448
-381
-318
-294
-361
-261
-169
-229
-284
-174
-42
-94
-142
-69
51
3
46
85
97
174
224
251
259
296
290
284
345
402
409
348
372
454
465
415
370
427
464
431
363
318
326
333
287
244
228
223
192
129
138
162
125
106
63
2
-6
76
21
-49
-40
-32
-39
-72
-115
-153
-188
-210
-206
-181
-205
-208
-201
-194
-169
-138
-109
-134
-186
-193
-132
-58
-68
-95
-71
-4
41
49
56
75
44
28
13
54
137
197
252
262
217
241
263
257
226
253
319
310
318
340
346
364
326
311
333
371
346
342
388
345
262
250
261
211
184
192
185
139
83
90
71
40
24
-11
-70
-111
-74
-68
-136
-163
-122
-129
-123
-179
-216
-170
-139
-101
-147
-178
-173
-188
-192
-196
-237
-298
-290
-253
-207
-189
-216
-262
-305
-255
-194
-170
-177
-144
-101
-85
-100
-96
-33
-6
-30
-23
51
41
-4
4
-3
58
99
106
100
94
155
196
203
209
191
164
179
201
163
138
179
229
248
242
237
242
229
241
244
206
221
252
281
271
268
271
230
199
226
251
183
73
116
182
170
93
103
166
158
91
82
90
83
64
70
142
152
70
15
25
52
-5
-27
19
62
12
6
12
62
95
39
2
21
52
90
75
62
33
-8
8
54
11
-5
-20
11
74
65
24
31
12
55
60
4
-78
-89
-19
-28
-4
33
-41
-131
-167
-90
-60
-87
-161
-151
-69
-124
-174
-111
-87
-124
-170
-201
-217
-171
-128
-166
-161
-174
-229
-222
-203
-185
-169
-184
-215
-194
-160
-147
-143
-87
-46
-128
-117
-87
-96
-104
-82
-101
-107
-24
-12
-89
-79
-16
-40
-107
-80
-39
-2
17
-39
-17
16
-2
-18
28
46
-4
2
20
15
61
104
99
104
135
131
75
51
148
135
75
108
98
89
81
14
5
-3
19
65
47
-25
-55
45
111
51
40
70
61
20
-2
72
62
-20
-9
81
93
60
10
1
42
20
1
19
35
0
-68
-118
-36
-69
-99
-72
-48
-41
-47
-4
34
39
-20
-28
9
15
9
36
61
11
-8
-2
3
8
12
33
51
82
61
51
68
108
113
98
94
65
68
51
79
97
100
115
97
95
129
205
172
82
22
77
107
62
38
60
27
9
36
-20
-102
-113
-103
-185
-196
-186
-213
-205
-227
-273
-291
-296
-291
-278
-307
-348
-364
-339
-271
-301
-310
-286
-308
-327
-370
-375
-340
-318
-322
-288
-275
-287
-305
-315
-312
-330
-358
-317
-301
-326
-267
-210
-188
-155
-161
-134
-119
-106
-161
-213
-207
-176
-126
-132
-126
-76
12
48
-29
-59
-14
-38
-90
-57
-39
-100
-141
-89
12
55
16
28
61
31
-14
43
65
59
77
104
99
77
73
91
115
69
36
79
95
110
79
100
75
23
45
119
129
29
-10
50
39
29
2
-6
-13
-59
-41
-36
-51
-55
-26
-8
-39
-35
-1
-23
-11
-8
-25
-34
-59
-35
-26
-39
-56
-81
-71
-56
-58
-41
-7
39
45
72
128
121
75
93
131
136
140
169
179
196
162
131
143
94
48
17
-44
-85
-92
-31
-23
-120
-107
-119
-152
-222
-304
-293
-303
-294
-286
-279
-285
-303
-276
-281
-331
-325
-343
-393
-387
-369
-308
-316
-338
-319
-276
-226
-245
-239
-212
-227
-258
-212
-119
-27
-63
-74
-4
41
98
105
99
155
207
240
271
298
303
344
360
365
415
396
402
452
513
505
468
474
431
458
534
523
473
482
572
584
529
559
622
598
486
502
516
503
491
480
490
463
422
385
352
334
273
281
229
128
114
101
113
80
50
5
-19
-26
-59
-102
-152
-146
-140
-212
-222
-231
-255
-307
-368
-311
-304
-323
-354
-381
-325
-273
-334
-391
-369
-336
-318
-334
-278
-271
-304
-248
-196
-215
-221
-216
-241
-219
-156
-20
-1
16
32
18
31
91
146
156
111
135
172
166
172
188
163
132
170
205
174
186
227
177
144
162
178
193
171
175
172
162
116
97
91
8
-28
49
59
14
-10
-3
-22
-4
23
28
6
-57
-139
-106
-56
-101
-191
-203
-170
-120
-111
-152
-159
-247
-307
-252
-202
-229
-286
-279
-218
-144
-114
-123
-147
-110
-64
-107
-168
-192
-155
-149
-131
-93
-78
-56
-94
-119
-97
-59
-64
-95
-99
-89
-37
45
56
26
17
25
-12
-18
25
20
-46
-37
-13
9
-24
-6
-1
-47
-53
-37
-12
-53
-125
-115
-106
-98
-91
-179
-239
-228
-258
-303
-295
-288
-321
-290
-263
-238
-269
-307
-251
-244
-305
-329
-307
-326
-357
-384
-379
-375
-438
-538
-446
-386
-485
-446
-337
-380
-446
-386
-331
-381
-426
-369
-287
-298
-368
-341
-284
-306
-352
-284
-184
-145
-157
-146
-96
-105
-129
-92
-18
-8
-90
-79
-9
36
28
-24
-18
13
40
55
51
47
-2
4
85
96
46
37
61
9
-24
-18
-68
-129
-137
-85
-66
-60
-65
-100
-113
-151
-156
-187
-208
-152
-160
-182
-215
-209
-171
-217
-223
-250
-245
-241
-229
-180
-186
-168
-195
-210
-251
-278
-263
-213
-152
-193
-200
-181
-175
-191
-156
-125
-113
-72
-122
-183
-109
-39
-48
-89
-96
-90
-47
3
36
-7
9
24
20
24
34
65
77
74
77
123
184
143
136
182
200
128
138
220
253
223
178
186
179
173
216
221
155
92
100
197
263
275
286
256
247
271
278
272
266
282
257
244
273
298
260
225
256
285
229
205
272
299
307
270
303
359
337
291
297
369
359
350
374
352
319
313
340
325
329
308
305
302
293
311
288
260
257
309
302
269
226
143
203
236
206
233
241
219
158
182
234
228
185
201
267
240
183
205
172
129
68
60
112
118
50
5
-36
-103
-58
-34
-101
-146
-170
-133
-100
-118
-168
-201
-170
-143
-97
-66
-116
-149
-93
-56
-117
-174
-196
-177
-159
-209
-242
-248
-232
-186
-192
-187
-141
-147
-197
-191
-148
-121
-126
-148
-85
-22
-30
-67
-86
-80
-53
-68
-72
-9
18
10
3
49
55
28
33
11
23
79
87
94
20
10
55
14
-23
-4
14
30
96
123
99
77
110
178
151
110
103
149
180
164
139
71
61
88
47
54
73
104
109
33
-22
-12
-21
-45
-8
38
32
-40
-10
53
77
84
-17
-90
-77
-41
-30
-80
-71
-63
-115
-96
-65
-81
-66
-53
-57
-8
-41
-134
-147
-38
5
-61
-49
-38
-68
-59
-35
-28
-34
9
4
-21
29
62
19
-19
6
28
57
60
36
8
-26
-13
-34
-83
-157
-187
-160
-201
-194
-148
-166
-238
-268
-223
-215
-282
-291
-283
-276
-230
-224
-240
-306
-333
-309
-302
-335
-353
-270
-234
-245
-235
-190
-214
-266
-220
-177
-182
-187
-165
-119
-113
-41
-31
-76
-35
77
93
50
116
152
163
173
164
140
162
208
226
231
216
185
214
232
201
180
162
165
144
185
167
95
125
116
108
86
105
99
38
46
68
101
132
116
40
7
37
10
-47
-69
-8
-65
-162
-175
-163
-218
-248
-203
-211
-218
-185
-129
-166
-199
-205
-200
-215
-274
-217
-180
-226
-282
-289
-256
-238
-233
-228
-250
-279
-223
-149
-119
-182
-206
-169
-123
-105
-143
-158
-117
-79
-94
-44
44
56
67
77
104
96
89
150
207
214
220
276
283
237
255
271
236
240
228
238
221
187
200
137
74
17
24
57
1
-36
-17
-11
-6
-52
-83
-144
-201
-253
-259
-277
-272
-297
-365
-355
-310
-334
-401
-501
-514
-502
-425
-415
-497
-508
-458
-395
-419
-441
-435
-441
-380
-273
-230
-296
-284
-229
-179
-170
-146
-153
-159
-91
-46
-54
-32
-13
30
14
-1
40
112
162
99
91
128
122
140
167
213
182
121
178
245
290
314
292
273
291
329
354
358
404
361
311
330
348
321
245
190
220
302
291
201
189
200
190
199
191
169
202
208
224
219
151
121
112
104
111
92
36
29
23
-33
-26
-72
-103
-153
-172
-116
-79
-60
-103
-175
-225
-162
-138
-190
-209
-153
-116
-122
-116
-121
-86
-64
-76
-35
37
87
96
72
65
111
167
145
84
92
114
160
178
106
116
161
185
222
216
222
184
189
230
257
252
239
193
175
180
165
169
106
61
53
16
22
4
-68
-138
-129
-88
-140
-214
-264
-273
-265
-272
-278
-296
-258
-263
-322
-330
-352
-333
-302
-307
-332
-336
-315
-290
-266
-245
-227
-215
-226
-257
-307
-301
-283
-256
-251
-247
-259
-218
-135
-99
-66
-76
-121
-97
-45
43
79
68
58
67
141
171
144
152
174
193
224
240
225
212
191
201
225
240
233
195
190
225
221
217
227
203
200
241
247
186
178
215
196
103
11
95
172
82
-2
31
61
16
-8
-1
-47
-140
-206
-146
-47
-34
-143
-157
-170
-230
-219
-209
-254
-262
-240
-301
-325
-303
-229
-199
-244
-252
-259
-240
-172
-181
-173
-121
-140
-196
-189
-183
-177
-172
-157
-116
-78
-53
-66
-3
133
114
166
182
139
126
186
285
298
238
249
299
254
262
284
317
360
355
350
346
384
409
396
384
409
378
315
288
395
409
343
307
252
202
284
317
227
143
132
122
113
121
128
40
-20
-9
-39
-84
-76
-83
-89
-83
-78
-43
-39
-102
-129
-88
-81
-87
-105
-100
-115
-146
-100
-57
-95
-120
-79
-52
-108
-115
-41
-71
-80
-39
58
71
11
-22
8
71
128
180
161
80
69
219
283
264
247
231
217
230
242
231
201
192
216
194
200
243
259
264
196
186
159
102
154
200
194
210
266
229
155
85
94
102
80
99
81
65
19
13
51
5
-76
-131
-81
-72
-80
-58
-39
-95
-177
-210
-160
-151
-208
-156
-82
-92
-101
-125
-147
-166
-160
-122
-178
-200
-181
-150
-123
-148
-161
-149
-139
-156
-110
-22
-58
-113
-103
-76
-100
-93
-60
-42
-92
-111
-68
-84
-79
-75
-79
-89
-79
-33
-52
-133
-210
-220
-265
-289
-326
-372
-378
-405
-410
-441
-504
-513
-537
-589
-635
-641
-646
-661
-620
-604
-629
-670
-686
-701
-705
-676
-701
-732
-761
-758
-706
-669
-608
-567
-604
-637
-606
-579
-574
-561
-540
-484
-476
-528
-522
-441
-364
-394
-421
-331
-295
-284
-234
-116
-100
-114
-75
-87
-54
-24
-51
-27
25
71
102
86
10
21
111
147
70
100
200
134
74
85
175
163
108
138
165
157
179
173
167
140
94
76
92
97
66
104
79
38
76
122
91
19
29
56
80
73
40
34
29
44
75
46
-10
14
66
60
29
-9
-4
-26
-22
-12
-9
37
98
74
67
141
211
220
179
142
161
143
116
172
224
257
263
279
325
356
406
425
419
403
418
414
418
474
531
509
490
496
491
456
460
464
454
430
396
418
464
421
338
326
359
369
342
318
325
331
337
353
297
230
130
117
177
166
136
109
101
94
127
183
146
85
61
68
156
168
135
105
150
142
149
210
202
135
108
116
198
275
305
242
218
270
264
246
284
289
357
407
380
356
349
368
325
309
365
343
297
328
389
397
375
369
351
324
400
477
447
347
308
368
357
307
298
306
299
280
274
258
212
156
149
168
150
112
77
46
0
-18
32
13
-43
-50
-56
-99
-115
-90
-94
-157
-202
-161
-94
-85
-159
-209
-182
-223
-260
-254
-248
-232
-227
-177
-171
-227
-220
-201
-195
-168
-183
-214
-159
-181
-162
-106
-69
-36
-42
-4
21
34
13
3
55
48
54
147
160
124
157
167
104
63
130
139
98
105
124
155
182
167
108
84
77
123
105
67
42
55
59
3
-104
-118
-131
-215
-248
-258
-303
-311
-348
-449
-522
-483
-471
-570
-609
-621
-632
-622
-595
-587
-654
-736
-703
-613
-625
-636
-586
-613
-637
-585
-579
-597
-602
-607
-576
-513
-431
-420
-450
-441
-400
-333
-270
-229
-251
-218
-162
-155
-161
-143
-60
-72
-83
7
43
10
20
65
122
204
149
79
88
96
148
167
99
36
-5
2
-17
-85
-58
-1
6
-95
-138
-72
-36
-47
-77
-50
-26
-48
-42
-85
-123
-108
-104
-167
-230
-173
-180
-241
-217
-135
-102
-112
-175
-183
-161
-167
-198
-248
-229
-223
-295
-305
-242
-218
-255
-316
-259
-177
-144
-174
-165
-91
-161
-170
-63
10
-29
-89
-56
14
41
33
40
21
27
32
108
207
220
256
245
215
206
263
360
321
261
272
282
291
283
305
299
281
220
196
218
212
169
153
118
68
74
56
-5
-79
-129
-120
-177
-244
-271
-263
-285
-291
-285
-357
-407
-452
-460
-423
-484
-541
-578
-504
-454
-517
-525
-547
-501
-470
-475
-470
-501
-438
-393
-450
-472
-491
-410
-355
-405
-378
-337
-330
-349
-331
-293
-227
-164
-188
-240
-246
-153
-61
-49
-82
-72
-9
15
37
56
62
78
83
151
241
277
244
254
299
356
393
399
393
388
444
511
484
492
470
409
433
455
436
479
506
511
524
536
487
426
402
439
472
416
364
345
339
355
320
279
306
321
253
163
151
96
126
135
111
29
-26
24
33
9
16
-3
28
44
9
5
-16
-6
-23
23
69
13
50
96
127
122
168
186
125
84
151
214
190
168
187
230
192
157
198
281
293
238
228
237
229
222
283
307
270
196
186
286
273
189
112
162
117
43
113
140
83
1
-32
-62
-89
-146
-168
-149
-167
-205
-200
-204
-233
-251
-282
-278
-312
-325
-262
-217
-241
-278
-232
-226
-221
-226
-257
-295
-270
-266
-321
-314
-320
-289
-251
-216
-229
-258
-276
-279
-258
-256
-218
-202
-197
-129
-59
-50
-42
25
16
40
62
81
112
117
142
129
158
214
222
185
166
184
200
195
208
246
251
210
226
302
335
245
209
264
234
189
213
235
229
211
216
221
208
179
123
99
106
125
107
57
-31
-91
-102
-72
-63
-120
-157
-176
-194
-189
-245
-208
-202
-220
-247
-303
-281
-262
-268
-284
-279
-292
-280
-224
-216
-238
-284
-302
-318
-262
-195
-186
-243
-236
-175
-183
-220
-239
-196
-257
-281
-199
-100
-34
-94
-83
7
19
-36
-66
-39
-15
-22
-16
-47
-97
-23
-13
-131
-147
-133
-94
-82
-115
-145
-118
-77
-70
-116
-134
-161
-176
-117
-109
-146
-152
-208
-230
-184
-141
-125
-160
-219
-227
-175
-114
-155
-222
-213
-189
-182
-136
-142
-158
-163
-185
-173
-148
-110
-135
-148
-119
-70
-37
-6
77
161
150
60
24
79
89
62
54
151
164
80
69
99
181
170
140
131
172
209
190
184
146
121
134
113
123
168
100
55
112
194
117
27
87
120
150
123
82
45
12
30
46
51
64
52
-4
-78
-28
17
-7
-74
-83
-26
11
-35
-53
-80
-126
-120
-115
-130
-189
-181
-114
-69
-77
-129
-148
-154
-127
-112
-99
-53
-59
-97
-153
-116
-70
-88
-72
-47
-25
-88
-133
-92
-10
1
-9
54
46
83
157
127
100
108
130
111
80
75
70
66
62
80
132
125
79
122
138
204
177
103
53
-10
14
96
85
-5
-17
60
10
-126
-223
-135
-151
-224
-237
-225
-214
-284
-311
-287
-294
-340
-334
-361
-386
-355
-343
-333
-343
-358
-371
-348
-369
-410
-342
-260
-271
-321
-312
-222
-210
-177
-167
-230
-271
-234
-201
-183
-244
-301
-249
-188
-147
-125
-158
-152
-102
-56
-50
-23
12
-19
27
70
32
-3
28
91
136
112
45
54
95
102
96
65
60
85
144
152
130
124
93
88
123
154
133
92
153
227
257
212
122
134
189
199
154
178
245
236
195
188
221
239
289
256
213
186
110
77
147
138
114
107
101
83
121
126
76
82
64
26
102
223
175
161
200
164
153
143
98
74
141
168
111
104
123
105
100
125
184
208
230
211
205
232
267
298
269
213
189
211
230
224
251
185
103
136
206
161
54
68
107
95
84
114
105
-18
-141
-125
-82
-95
-131
-186
-176
-185
-209
-187
-168
-236
-299
-225
-195
-222
-214
-266
-285
-267
-283
-288
-301
-272
-231
-226
-231
-218
-189
-223
-227
-181
-175
-180
-145
-95
-141
-184
-123
-99
-77
-58
-40
-2
64
91
132
169
150
156
217
258
191
146
187
269
324
314
323
315
308
327
321
359
415
348
266
321
351
414
406
384
390
309
254
264
309
252
170
203
213
168
94
124
206
173
143
170
113
61
55
73
23
-10
-53
-136
-124
-91
-101
-146
-220
-290
-263
-222
-200
-181
-138
-88
-121
-189
-180
-156
-134
-167
-223
-230
-169
-128
-106
-32
-42
-51
-27
-64
-31
62
101
65
76
146
137
129
151
197
203
165
150
163
192
158
180
218
213
191
179
235
259
281
300
282
277
221
243
210
179
206
181
131
57
27
0
-57
-50
-56
-87
-114
-170
-207
-240
-246
-262
-338
-327
-277
-304
-378
-368
-250
-234
-336
-375
-339
-372
-342
-369
-393
-341
-335
-378
-351
-285
-258
-266
-288
-294
-276
-238
-233
-202
-139
-76
-133
-215
-226
-116
-14
-53
-65
-10
20
47
71
108
75
32
115
127
94
144
153
112
60
106
124
52
62
71
30
8
27
95
140
181
174
168
137
121
177
199
153
110
83
118
149
103
22
55
145
157
80
30
57
49
12
6
-25
-20
-15
-56
-72
-67
-80
-126
-83
-78
-154
-165
-155
-146
-154
-117
-163
-132
-82
-143
-151
-99
-105
-123
-73
-119
-150
-112
-46
-37
-78
-100
-119
-76
-26
7
-24
-96
-126
-44
55
42
54
43
53
98
41
19
93
123
60
36
14
-19
-13
25
20
-48
-58
-103
-127
-60
-51
-92
-70
-24
-80
-192
-240
-283
-244
-232
-265
-235
-208
-249
-227
-221
-277
-329
-335
-292
-297
-282
-260
-239
-221
-224
-227
-229
-236
-270
-265
-234
-297
-397
-358
-225
-173
-189
-175
-136
-172
-139
-109
-154
-146
-124
-63
-39
-61
-80
-49
23
53
62
5
-32
29
119
131
76
86
41
65
132
159
135
128
174
168
206
262
269
275
257
262
267
236
240
296
370
320
238
293
303
276
300
293
274
231
258
283
233
172
115
167
134
78
115
109
53
75
163
127
28
-11
-47
30
140
126
34
22
77
47
74
115
48
3
60
82
88
57
30
55
123
173
146
154
102
56
137
192
222
177
218
270
224
242
247
272
303
291
257
261
265
255
252
206
145
137
174
193
162
167
101
38
62
25
6
-62
-89
-81
-59
-40
-96
-133
-166
-148
-186
-232
-201
-196
-191
-213
-225
-228
-225
-210
-192
-220
-254
-213
-186
-171
-184
-222
-268
-274
-191
-107
-118
-168
-195
-219
-197
-123
-113
-122
-130
-63
0
8
15
76
133
96
8
-52
-19
31
40
48
55
61
104
154
187
193
110
50
105
95
104
145
182
176
158
196
191
178
174
140
72
42
69
110
103
84
78
62
97
84
21
-42
-18
-11
-44
-50
-45
-60
-73
-69
-44
-61
-76
-106
-135
-117
-114
-80
-58
-96
-81
-40
-24
-39
-43
-64
-89
-86
-65
-24
19
24
-1
30
34
-22
2
99
138
78
89
139
148
124
131
150
156
118
113
163
157
64
-2
58
91
81
90
114
92
46
40
67
32
-36
-86
-77
-36
-73
-92
-74
-69
-145
-200
-110
-74
-129
-239
-253
-240
-252
-285
-255
-192
-249
-331
-320
-330
-375
-399
-406
-439
-396
-346
-340
-334
-318
-313
-291
-245
-263
-268
-243
-239
-235
-225
-208
-162
-168
-224
-217
-129
-117
-194
-144
-81
-89
-67
21
105
72
-58
-75
38
81
120
132
187
217
208
216
253
286
205
150
160
205
229
192
173
130
103
88
84
63
29
-12
-39
-24
-28
-91
-154
-113
-1
15
-58
-71
-59
-92
-102
-111
-103
-96
-50
-68
-95
-49
-31
-36
-112
-101
-31
-94
-151
-173
-179
-222
-272
-266
-272
-277
-262
-231
-202
-146
-105
-157
-203
-185
-135
-154
-172
-156
-121
-134
-155
-99
-58
-95
-101
-95
-90
-75
-16
25
32
26
57
62
16
22
-28
-47
-4
46
79
48
32
17
58
63
48
79
83
117
104
100
134
147
135
79
-28
-14
-1
11
-44
-94
-103
-144
-137
-91
-147
-259
-307
-205
-192
-276
-309
-279
-306
-396
-384
-285
-298
-382
-371
-321
-348
-455
-382
-290
-326
-315
-265
-238
-246
-194
-148
-117
-122
-97
-75
-79
-23
51
61
-2
39
91
110
104
77
133
200
227
170
148
167
136
219
279
312
222
138
171
161
188
196
129
47
80
110
47
55
92
86
30
67
61
18
23
28
41
37
40
16
1
42
98
61
0
8
15
9
52
102
69
38
43
78
109
80
90
107
92
110
127
148
123
85
60
56
52
77
108
96
106
151
219
210
120
84
73
63
72
64
86
80
49
65
100
87
58
40
30
58
76
100
128
103
93
127
149
111
96
65
10
32
78
109
125
160
138
109
143
112
49
40
48
26
7
1
-15
-91
-146
-96
-105
-212
-255
-163
-199
-254
-224
-215
-272
-309
-303
-297
-324
-319
-278
-316
-301
-305
-351
-295
-258
-239
-257
-273
-248
-217
-255
-250
-237
-233
-192
-197
-212
-225
-187
-152
-165
-153
-143
-98
-80
-64
-18
50
41
98
180
169
239
266
242
220
226
307
384
374
329
353
331
298
316
377
418
366
360
391
407
442
420
466
472
411
452
459
426
383
388
403
416
420
364
241
293
406
420
274
216
233
249
176
163
151
96
26
-1
23
-14
-88
-138
-201
-258
-295
-221
-151
-196
-204
-241
-235
-253
-336
-300
-223
-213
-295
-350
-280
-289
-379
-439
-428
-418
-409
-433
-396
-295
-281
-320
-284
-229
-259
-304
-280
-213
-168
-160
-138
-144
-138
-199
-142
-60
-71
-121
-76
47
99
83
69
82
94
83
93
120
79
57
103
97
81
56
15
-12
44
111
48
56
49
30
24
8
13
0
-38
-33
-37
-49
-59
-62
-108
-127
-133
-171
-136
-149
-187
-162
-184
-213
-223
-233
-267
-263
-200
-137
-178
-260
-271
-261
-270
-262
-225
-219
-213
-197
-243
-237
-232
-237
-233
-204
-201
-225
-210
-169
-151
-189
-174
-133
-106
-121
-117
-129
-154
-157
-166
-179
-141
-69
-79
-52
-11
-48
-15
41
4
-29
64
130
70
103
153
126
85
63
96
164
155
114
107
168
176
139
145
114
31
67
122
92
101
109
131
177
146
130
54
65
75
66
74
37
43
61
0
-24
-2
-21
-64
-114
-81
-63
-135
-125
-80
-88
-110
-116
-98
-60
-35
-66
-62
-103
-119
-73
-67
-83
-78
-91
-112
-63
-44
-62
-112
-106
-124
-162
-157
-126
-130
-133
-150
-196
-190
-196
-246
-252
-258
-274
-269
-201
-191
-218
-210
-188
-207
-189
-151
-186
-227
-232
-237
-233
-245
-204
-199
-224
-255
-251
-226
-195
-157
-132
-191
-215
-193
-160
-178
-140
-74
-137
-129
-77
-71
-127
-179
-146
-90
-23
-32
-106
-56
-29
-5
32
38
7
-31
-46
13
103
115
104
114
123
147
169
188
206
179
214
236
232
222
260
275
271
334
397
373
261
245
231
218
254
265
255
246
270
307
340
309
259
292
323
318
313
317
305
330
382
389
328
304
341
295
214
203
213
222
198
176
170
102
20
31
101
92
2
-10
23
-27
-72
-48
-11
-5
-36
-31
-56
-69
-90
-115
-84
-130
-186
-164
-145
-139
-144
-139
-117
-121
-162
-178
-143
-130
-193
-166
-142
-164
-183
-165
-82
-70
-59
11
38
-19
-71
-10
47
40
-21
-13
54
117
158
136
75
-15
-51
-40
-30
-75
-51
1
20
14
-36
-30
-12
-39
-54
5
-3
34
108
158
185
144
181
175
107
134
142
105
111
142
158
163
95
65
110
151
99
53
71
109
74
70
116
85
80
136
203
158
84
74
65
73
110
104
11
24
108
53
-17
-44
-3
19
-27
-21
-5
0
-4
8
-10
-7
-10
-51
-33
-38
-23
-19
-15
19
87
137
19
-29
44
57
69
124
154
127
103
140
121
78
128
161
105
83
102
158
136
90
146
183
122
98
195
287
251
218
288
315
258
221
202
196
158
163
167
146
136
139
111
114
104
83
90
102
123
105
82
85
126
120
37
49
82
92
83
42
-40
-117
-27
33
-22
-72
-63
-22
-74
-107
-89
-127
-162
-184
-247
-347
-360
-348
-425
-455
-446
-405
-427
-433
-427
-510
-594
-583
-473
-430
-496
-556
-523
-473
-482
-458
-436
-469
-500
-428
-418
-445
-388
-306
-251
-261
-288
-264
-197
-170
-113
-120
-114
-46
-19
5
-32
-38
30
130
117
81
136
166
211
252
259
265
271
221
227
283
276
230
224
296
266
239
280
287
281
263
225
220
216
153
108
182
192
110
55
25
34
42
35
-26
-67
-74
-135
-159
-62
-75
-232
-253
-234
-286
-367
-381
-368
-356
-367
-377
-314
-338
-390
-344
-288
-325
-371
-340
-378
-363
-313
-280
-249
-299
-345
-351
-279
-229
-274
-233
-181
-148
-105
-100
-95
-117
-113
-57
66
14
30
73
112
124
91
121
166
174
211
285
275
212
220
198
217
260
298
293
252
302
308
240
213
254
247
146
132
145
109
98
148
157
50
-52
14
26
-95
-176
-133
-146
-230
-241
-131
-174
-240
-276
-331
-321
-294
-302
-354
-373
-342
-347
-322
-281
-286
-332
-388
-395
-321
-311
-338
-362
-369
-308
-284
-291
-297
-328
-267
-226
-263
-217
-211
-249
-214
-155
-131
-124
-118
-87
-82
-57
-7
54
30
-22
-28
15
31
6
65
122
70
51
107
85
39
21
37
42
38
67
92
102
74
33
71
147
136
46
34
45
75
84
43
36
3
-15
57
87
60
36
29
48
42
26
72
54
27
12
25
37
-4
23
48
61
40
30
82
89
108
164
157
138
120
125
150
209
266
229
223
217
222
217
167
200
256
278
311
305
255
261
317
324
305
336
363
368
399
395
392
402
362
346
351
355
334
300
322
343
294
288
282
244
209
178
241
304
181
129
113
99
-21
-69
4
-9
-93
-126
-96
-123
-147
-184
-203
-209
-292
-304
-249
-279
-342
-334
-327
-346
-389
-351
-346
-359
-338
-348
-310
-325
-284
-223
-199
-147
-166
-197
-192
-116
-61
-91
-82
-41
11
17
60
76
91
132
148
183
179
150
160
198
244
312
321
280
332
433
506
467
431
376
326
371
461
545
468
418
481
555
525
407
391
464
503
515
460
390
381
389
352
319
276
271
246
224
228
253
222
159
186
260
230
112
64
78
91
7
-136
-117
-65
-113
-215
-176
-188
-243
-273
-246
-238
-275
-269
-226
-210
-256
-324
-351
-327
-305
-299
-256
-283
-268
-209
-201
-208
-134
-84
-93
-101
-138
-50
59
73
60
48
103
113
140
116
79
112
193
204
194
203
179
142
123
191
200
143
106
112
94
11
-1
10
-20
-120
-186
-150
-117
-227
-329
-290
-278
-355
-405
-414
-471
-508
-582
-652
-570
-515
-585
-667
-656
-626
-671
-663
-641
-567
-597
-660
-636
-584
-565
-621
-599
-566
-523
-496
-521
-571
-565
-472
-326
-345
-397
-381
-367
-301
-217
-206
-216
-189
-148
-126
-132
-126
-121
-136
-105
-59
-53
30
114
147
177
186
243
265
204
212
264
245
214
264
338
328
301
342
394
388
320
275
299
292
259
352
418
358
325
355
364
372
290
213
223
250
209
142
169
193
126
81
57
-10
-1
23
-29
-103
-73
-64
-88
-81
-114
-108
-113
-169
-206
-173
-142
-126
-141
-154
-125
-107
-124
-158
-127
-115
-156
-151
-75
2
-48
-21
3
-34
-95
-71
-4
-49
-106
-84
-23
18
-4
-50
-68
-30
5
46
41
36
40
52
86
45
50
85
81
43
-23
-50
-42
-5
-51
-144
-157
-97
-86
-96
-159
-151
-173
-206
-200
-195
-220
-251
-247
-257
-274
-240
-253
-291
-296
-274
-262
-280
-332
-339
-306
-275
-248
-243
-265
-311
-329
-313
-257
-264
-325
-284
-232
-199
-205
-178
-143
-112
-91
-116
-140
-125
-84
-3
8
18
100
155
125
170
178
141
95
101
139
144
140
144
162
200
165
152
198
204
188
122
167
208
186
167
99
144
234
270
193
143
170
146
124
91
73
35
30
26
30
12
-33
-2
-7
-12
29
-9
-65
-43
-10
8
-42
-61
-55
-116
-92
-70
-51
-45
-29
6
-35
-40
6
62
-5
-87
-32
18
27
19
12
-7
-38
0
56
49
16
10
82
152
161
137
159
205
211
238
304
277
187
199
232
262
235
211
248
254
198
161
194
200
139
147
184
123
49
59
86
62
-50
-131
-88
-49
-85
-118
-108
-153
-227
-257
-212
-269
-381
-429
-415
-376
-460
-537
-467
-494
-601
-558
-438
-454
-497
-484
-472
-505
-455
-392
-416
-438
-444
-388
-336
-290
-259
-221
-196
-137
-63
-53
-80
-72
-5
40
147
161
69
57
90
200
157
196
232
221
251
278
302
280
286
268
218
251
332
299
229
256
313
276
175
132
119
107
74
84
147
106
113
132
163
102
61
54
60
17
-21
55
88
38
65
139
129
66
74
111
78
72
110
125
84
79
135
232
271
187
176
206
215
239
246
279
297
281
316
347
351
341
365
356
326
355
396
401
396
455
479
412
421
478
530
576
533
528
513
509
521
496
479
500
541
510
505
500
496
450
407
412
377
373
352
318
296
233
170
146
124
78
47
-14
-55
-107
-140
-221
-254
-264
-291
-315
-367
-386
-442
-464
-418
-412
-495
-531
-410
-394
-467
-506
-446
-457
-527
-482
-458
-480
-513
-507
-469
-454
-432
-377
-340
-373
-342
-259
-175
-186
-276
-264
-187
-157
-184
-143
-106
-100
-82
-55
-90
-94
-39
-46
-52
4
56
50
32
93
134
97
36
44
81
100
106
90
105
101
80
62
38
72
131
205
195
186
145
123
117
111
138
62
-15
-5
4
28
21
-40
-130
-142
-87
-117
-144
-120
-142
-175
-218
-223
-238
-279
-295
-300
-322
-343
-318
-315
-336
-361
-344
-298
-344
-412
-367
-359
-411
-444
-426
-431
-456
-443
-431
-406
-361
-355
-371
-346
-305
-321
-346
-342
-354
-388
-366
-303
-258
-365
-438
-372
-263
-277
-316
-304
-249
-279
-306
-282
-289
-308
-339
-355
-360
-373
-344
-400
-457
-420
-401
-383
-356
-351
-382
-420
-415
-393
-364
-382
-420
-435
-413
-425
-459
-463
-467
-470
-501
-463
-397
-406
-430
-408
-389
-371
-310
-302
-295
-276
-270
-265
-290
-240
-221
-239
-234
-178
-81
-68
-104
-5
87
99
88
138
165
206
258
264
295
300
295
345
326
283
299
355
437
448
418
445
502
524
436
352
341
351
378
419
501
512
422
410
399
409
382
341
348
367
349
277
287
314
273
251
205
162
178
224
206
201
206
210
198
173
121
84
78
96
80
65
96
151
173
140
109
136
151
173
152
155
172
157
198
254
261
228
197
258
299
277
231
249
299
293
287
337
438
424
437
449
460
470
443
435
472
491
410
399
509
466
400
412
467
457
394
386
468
457
407
416
424
402
341
415
465
329
153
176
197
178
126
142
128
36
-24
75
88
-21
-64
-77
-89
-78
-88
-170
-225
-195
-204
-212
-160
-166
-222
-244
-225
-169
-147
-166
-209
-204
-128
-183
-173
-110
-118
-111
-92
-49
-87
-143
-91
-45
-39
-1
24
28
16
57
118
77
84
130
173
90
54
219
242
178
159
247
263
161
95
83
160
190
199
92
49
141
129
96
86
77
53
1
-18
25
75
14
6
43
24
30
35
40
-1
-62
-54
-91
-152
-144
-122
-116
-134
-161
-156
-106
-100
-156
-149
-143
-149
-165
-200
-213
-150
-68
-57
-47
-20
-28
-50
-31
-37
-32
-27
-49
-37
-19
-22
-31
5
30
26
47
37
27
30
55
72
32
-29
-21
76
89
29
62
92
47
39
76
122
104
77
82
41
14
-11
-42
-46
-21
-24
-70
-171
-214
-227
-239
-250
-240
-285
-375
-363
-330
-360
-405
-446
-439
-420
-414
-464
-483
-501
-517
-502
-498
-452
-483
-533
-487
-406
-329
-399
-462
-405
-368
-374
-405
-389
-364
-296
-226
-235
-227
-190
-171
-202
-152
-106
-124
-162
-86
35
19
5
18
78
111
101
74
115
108
102
84
57
113
135
61
11
93
104
34
43
67
74
93
75
48
63
76
13
4
12
5
51
20
4
-1
-42
-47
-103
-125
-92
-110
-105
-70
-29
-90
-131
-183
-216
-222
-195
-139
-161
-180
-261
-228
-138
-174
-207
-217
-154
-130
-108
-114
-96
-46
-27
16
11
-4
-35
-6
-47
-63
13
68
38
-25
32
39
33
101
110
118
140
121
127
210
246
235
265
274
233
211
257
300
273
207
198
255
307
288
207
174
184
102
47
17
-10
-2
-24
-70
-101
-63
-58
-126
-196
-205
-181
-174
-220
-238
-276
-311
-280
-309
-365
-439
-469
-406
-332
-362
-444
-389
-359
-459
-446
-410
-399
-449
-494
-437
-370
-361
-385
-348
-274
-244
-271
-230
-133
-13
3
-11
28
88
121
111
156
197
190
144
150
211
252
274
307
289
305
381
458
468
386
419
529
543
504
492
525
515
542
534
512
506
450
398
392
423
396
371
330
325
330
289
251
236
177
87
75
64
74
65
24
2
-17
-35
-30
-35
-39
-85
-178
-217
-205
-172
-182
-191
-134
-141
-174
-217
-212
-187
-209
-247
-212
-162
-143
-87
-65
-46
-64
-114
-95
-14
-3
-53
10
100
184
195
185
230
304
314
232
243
293
302
261
239
233
239
234
310
409
317
233
266
316
289
281
303
297
303
287
282
232
144
156
211
141
41
28
64
53
-17
-62
-119
-112
-106
-112
-162
-250
-334
-279
-289
-389
-428
-440
-429
-419
-464
-472
-494
-527
-521
-516
-521
-517
-538
-528
-531
-503
-478
-454
-463
-499
-524
-511
-465
-447
-386
-378
-385
-339
-271
-244
-220
-198
-204
-210
-172
-126
-120
-104
-38
-29
12
109
175
187
154
164
119
143
180
199
143
150
251
324
258
270
281
211
202
259
281
275
269
274
239
198
171
156
106
73
91
129
134
156
127
71
30
37
43
49
22
-3
-25
-29
-54
-64
-110
-129
-111
-116
-121
-117
-113
-154
-192
-146
-78
-87
-144
-107
-61
-67
-105
-110
-69
-85
-90
-22
8
-74
-85
-15
30
-11
-4
57
98
120
139
121
83
98
102
140
125
112
167
160
141
209
272
264
271
277
259
232
257
198
108
120
131
141
204
278
228
183
191
169
123
55
82
90
53
7
-36
-74
-109
-105
-101
-157
-181
-174
-220
-226
-210
-205
-246
-318
-268
-241
-265
-317
-350
-368
-451
-487
-388
-349
-385
-418
-348
-357
-333
-296
-302
-333
-295
-219
-208
-218
-209
-201
-179
-133
-102
-86
-71
-102
-73
-32
51
87
76
106
133
157
120
139
195
188
169
212
217
141
174
224
233
176
183
244
203
196
202
208
181
146
87
144
196
95
52
65
125
70
0
-27
-51
-103
-164
-123
-71
-104
-147
-174
-128
-85
-135
-168
-224
-276
-230
-212
-217
-222
-209
-221
-231
-221
-206
-193
-165
-131
-135
-131
-113
-130
-176
-170
-89
-122
-112
-49
-41
-93
-87
-19
8
32
10
29
35
40
86
92
76
61
111
130
112
150
135
113
109
150
155
130
126
97
79
48
60
70
39
27
-14
-97
-109
-76
-106
-115
-139
-161
-180
-162
-146
-192
-210
-271
-361
-301
-202
-215
-275
-308
-318
-327
-303
-266
-327
-384
-347
-314
-283
-245
-260
-273
-261
-236
-212
-184
-166
-142
-182
-177
-101
-68
-98
-143
-69
-59
-68
-11
41
8
-85
-46
38
49
-21
-48
-7
0
-46
-102
-50
11
-13
-20
-39
-45
-7
28
59
88
54
13
51
107
129
83
65
60
-16
-5
25
34
58
80
86
80
107
112
99
78
22
-19
18
-15
-9
63
13
-50
-42
-5
-38
-32
18
-1
-7
-12
-7
-20
1
4
-34
12
55
39
4
-9
-72
-81
-57
-79
-85
-79
-52
-57
-26
3
13
44
6
21
52
14
-1
40
56
21
34
97
142
118
81
100
94
67
92
114
143
118
73
91
118
113
54
30
-7
12
6
11
16
-15
-11
-36
-5
7
-27
-31
-43
-33
-50
-16
-3
-41
-26
15
10
5
18
-11
-1
-18
-64
-45
11
18
-43
-84
-106
-100
-82
-66
-41
0
5
-10
-6
23
13
-25
-40
-44
-40
-6
-28
-49
-52
-35
11
17
-51
-133
-78
-8
1
-23
-45
-39
4
54
-7
-48
4
37
43
38
73
42
105
150
109
87
41
47
108
215
201
109
193
226
176
113
187
197
115
82
192
206
114
150
183
173
91
58
88
79
87
50
31
25
75
108
90
85
70
83
95
92
89
92
79
72
106
131
162
150
116
66
99
130
47
35
68
118
91
34
71
104
147
163
148
144
81
18
75
157
102
32
59
83
76
95
138
122
46
-9
-19
44
85
92
46
-10
-32
-26
-8
-58
-91
-122
-205
-145
-24
24
-108
-160
-79
-36
-75
-135
-124
-94
-157
-231
-221
-212
-236
-243
-237
-243
-259
-264
-305
-343
-338
-307
-278
-275
-278
-306
-296
-272
-232
-227
-232
-245
-266
-210
-169
-191
-172
-154
-127
-51
4
-26
1
-7
-14
19
87
78
-12
48
147
134
98
153
183
120
79
116
135
129
113
78
91
103
106
109
124
165
183
111
41
104
112
0
-81
-8
31
-53
-64
-54
-81
-171
-255
-244
-214
-187
-163
-156
-123
-105
-188
-297
-254
-241
-301
-268
-238
-211
-219
-241
-247
-241
-268
-334
-343
-253
-169
-158
-168
-105
-97
-119
-100
-143
-159
-154
-104
-43
-19
18
-28
-34
4
-21
-62
10
60
69
126
133
127
133
194
251
273
267
236
231
196
146
179
210
183
198
248
267
249
254
279
248
219
194
163
159
110
49
73
66
-35
-108
-69
-57
-156
-248
-212
-223
-293
-429
-448
-396
-380
-394
-433
-469
-480
-450
-387
-395
-417
-478
-519
-497
-464
-408
-401
-395
-413
-397
-321
-288
-318
-327
-303
-266
-233
-202
-197
-121
0
-16
-30
36
48
15
25
-2
6
73
155
188
178
223
264
271
277
259
264
269
282
278
268
313
356
340
274
211
235
242
236
242
258
243
202
207
242
229
258
307
246
189
196
242
174
92
81
91
100
59
96
129
36
-110
-129
-112
-225
-357
-374
-326
-369
-435
-495
-550
-540
-531
-555
-562
-516
-485
-501
-526
-548
-611
-620
-596
-633
-734
-836
-823
-811
-822
-832
-750
-739
-749
-704
-647
-565
-532
-482
-455
-431
-409
-455
-473
-457
-492
-496
-500
-510
-458
-346
-233
-101
-84
-36
96
219
235
221
234
246
257
307
389
400
450
586
801
1001
1079
1244
1438
1568
1638
1745
1921
1944
1923
1981
2069
2117
2190
2256
2244
2255
2245
2236
2359
2411
2395
2409
2448
2508
2497
2527
2464
2341
2181
2160
2063
1940
1859
1786
1720
1611
1479
1356
1243
1170
1024
848
825
675
578
561
383
170
-30
-160
-373
-573
-703
-868
-1062
-1140
-1210
-1360
-1536
-1654
-1804
-1862
-1914
-2027
-2188
-2295
-2353
-2476
-2557
-2600
-2613
-2673
-2640
-2590
-2545
-2471
-2381
-2345
-2312
-2262
-2217
-2143
-2073
-2028
-1954
-1824
-1736
-1655
-1553
-1433
-1385
-1371
-1251
-1105
-1047
-995
-914
-753
-646
-588
-465
-352
-279
-187
-54
69
150
282
405
486
647
754
890
1050
1114
1172
1189
1237
1310
1376
1485
1499
1460
1496
1485
1475
1448
1407
1400
1406
1437
1399
1323
1268
1218
1209
1217
1180
1119
1045
895
788
730
607
461
364
312
199
67
-56
-169
-242
-308
-441
-601
-708
-727
-710
-758
-831
-923
-983
-1016
-1066
-1166
-1205
-1145
-1156
-1206
-1161
-1153
-1220
-1229
-1205
-1212
-1218
-1175
-1125
-1106
-1050
-938
-857
-784
-718
-658
-559
-467
-383
-306
-156
-49
9
169
276
257
309
325
368
514
611
663
647
690
782
746
779
809
800
841
834
801
795
779
723
626
560
548
515
465
438
414
377
316
292
225
162
39
-121
-100
-119
-207
-320
-363
-376
-412
-401
-471
-534
-575
-597
-616
-622
-595
-620
-589
-551
-586
-564
-501
-492
-500
-478
-390
-354
-321
-211
-138
-125
-41
102
121
104
152
195
208
292
325
355
382
390
472
