0
-3584
-32768
32640
0
0
0
0
0
0
0
0
0
0
0
0
0
0
0
0
0
0
0
0
0
0
0
0
0
0
0
-26367
30551
4355
20785
-28654
-1108
-21589
-30805
14115
13124
13138
6193
-9030
-17460
-13878
-26197
408
17715
17204
16947
4643
2064
-22120
-18260
-17972
-17461
-13396
-17718
-17733
32682
13590
21330
13122
8514
9787
-17014
-17204
-13637
-22101
409
17205
13139
9027
4658
-30200
-13653
-21813
-22358
-17478
-26752
-16740
-13365
-17989
-28247
17477
13621
13091
4145
-9302
-13635
-17988
-26694
9089
13380
13379
12835
6177
-16998
-17205
-17733
-26708
4994
13364
12850
-26336
-16980
-17749
-24391
25379
8802
8483
-25592
-13604
-17732
-26709
13604
13380
13379
8482
-26096
-13635
-17461
-17989
-32615
13602
12850
6193
-5463
-17716
-26884
-13791
152
17732
13364
8754
2321
-9556
-17972
-22341
8832
13667
16930
18
-17526
-21812
-22340
1960
5154
8786
6161
-5189
-9525
-22356
-28758
21507
17235
9028
12594
-26352
-13379
-17732
-22069
-30791
9233
13139
12610
4129
-22264
-22100
32698
17174
20803
-30447
-13634
-13333
-22102
32665
25651
17219
8771
2081
-13415
-17716
-17717
-22598
13185
13140
13139
8498
-26104
-17203
-22100
-26197
8584
7704
9044
4113
-13413
-17748
-18005
5124
17492
13090
12594
-17368
-1333
-13621
-21829
186
17701
21043
13107
50
-16725
-17476
-17990
4265
17188
13620
4130
-21751
-13349
-22070
32681
13842
16962
4387
-30184
-17459
-17477
-22342
9600
21299
8756
8242
-30839
-13605
-17717
-28791
13605
8757
10274
-9558
-9524
-21828
-30790
17667
13380
9026
291
-25975
-13589
-17461
-26197
4496
17219
21059
4371
-32496
-9726
10270
-110
17955
8754
2321
-9299
-9268
-17477
-26196
-26454
4865
17236
17491
8995
8483
-26112
-13365
-17732
-13893
-30823
8064
9266
6146
792
5937
12322
25125
12596
-26335
-17187
-13365
-17221
-26454
5121
17236
17219
8756
16
-17508
-21812
-21814
-30806
13585
17203
8482
-17272
-13908
-21828
-87
21284
13123
12594
-21623
-9779
-13637
-22358
12928
21317
13379
13106
18
-9301
-17476
-17989
9852
32664
13090
21315
4130
-21752
-9508
-17205
-22358
408
21315
13380
12851
4403
-17383
-9781
-17989
-30567
8456
2081
-1096
-9558
32698
17024
13684
8770
2064
-12645
-13636
-17718
-22086
13825
17205
16963
12851
2081
-13398
-21827
-22084
-22615
4232
273
-29799
-30293
-27743
29539
17235
13124
8755
-25576
-13619
-17716
-22070
-28759
21538
13109
9027
4130
-21751
-17444
-17732
-18246
4224
21556
13107
-20223
13091
6178
-25446
-17749
-18247
21250
6454
-9205
-9285
-21827
-22357
5121
21286
17219
8740
2338
-9061
-17205
-17733
-22598
17410
17491
13107
8500
2568
-9573
-13621
-22101
-26726
1920
8484
4642
-26200
-26690
-28279
12918
13108
4178
-9318
-13635
-17717
-26693
17666
21315
13123
8514
-30448
-9285
-17732
-25909
32665
13057
17219
8225
-25576
-13875
-17733
-28742
29475
17235
17203
4417
-21751
-13651
7618
-26693
21377
17476
4643
17
-13652
-21796
-17973
-28504
17204
13140
8755
-17392
-17428
-17461
-22086
4264
13381
16978
13106
4130
-17399
-13349
-13893
-22614
4480
17219
13108
2337
-9574
-17974
-72
17444
8770
-17382
-9524
-17717
-22613
13842
17220
13108
9012
4130
-17254
-17459
-13637
-22085
409
17476
13091
9027
18
-25703
-17716
-21812
-21828
-22101
-26199
4232
9089
13140
13923
9269
13108
-28667
8999
-30431
-17253
-17701
-22083
-26423
136
4881
17186
12882
-26334
-5714
-17461
-17989
13201
13397
13106
12322
-30071
-18022
-28483
12544
12583
-17910
-13604
-17731
-30008
256
25874
9507
9012
2097
-1110
-17445
-17733
-22598
21779
17219
9026
18
-21878
-16933
-17990
-26711
17682
13124
12883
4386
-13687
-17188
-21589
-26726
4480
13122
34 
-13158
-18021
-55
17445
13396
21043
4130
-25591
-9253
12083
-17733
-22341
9089
13637
17203
8739
2320
-13413
-13622
-21828
-22102
-30807
4352
9234
13379
13108
21331
9268
17203
13107
-29936
-13075
-13381
-22100
-22359
8961
17507
13363
8482
2081
-17655
-17444
-17749
-22598
-32614
16930
12579
-21478
-13846
-30535
21301
13381
8482
-21504
-17188
-17733
-18230
4504
21331
13139
8786
4113
-26231
-13635
-21828
32664
13585
8500
-29927
-9493
-17445
-22358
408
21316
4604
13350
16947
8482
2824
-5701
-17731
-22357
13186
17236
16947
2304
-13125
-13621
-22342
13568
13110
9026
18
-12885
-9796
-17974
-26455
9216
17491
13363
8482
-30448
-13125
-9797
-22358
-104
9011
17219
4658
7177
-13638
-28720
21269
13364
2081
-9524
-13589
-21557
-26454
9216
21571
13364
13106
8755
-25848
-17188
-17732
-22069
-22615
4865
13091
12851
8737
9507
13366
9044
8515
-30686
-9572
9758
-17205
-17733
-22598
17665
17220
13123
12595
-26088
-13605
-17445
-22358
-104
21283
9268
4385
-25576
-13907
-17733
-28742
29715
13108
51
-9847
-13620
-17990
409
17462
13123
13138
8483
-30200
-17188
-13877
-22084
32680
13859
9012
4385
-13430
-17715
-22084
-103
17444
13379
8755
2337
-9572
-13876
-22086
408
21316
16978
8754
-30432
-13396
-17461
-17733
-26710
256
17202
12596
4660
8209
13618
14335
17947
17219
12868
4403
-21751
-13587
-17445
-17733
-26694
17169
9300
8740
8993
2072
-22119
-17253
-13910
-21830
-25925
-17975
-17763
-22340
-17942
17152
9302
13348
12835
-30448
-9572
-21827
-26453
144
25652
13091
4161
-30208
-17014
-21572
-26454
17153
17219
8772
-29663
-13077
-21828
-24663
13569
21331
9012
8226
-21752
-17460
-17733
-26678
4488
13076
353
-21496
-13573
-17973
32649
21316
13140
13123
10569
-26112
-17218
-17461
-18005
-30806
9218
13380
13107
4402
-17528
-9541
-17990
9120
13381
9027
4146
-13431
-9781
-22083
-22357
400
13621
13108
4129
-12885
-13620
-22084
32682
17428
13139
12882
4130
-17655
-21796
-17717
-22341
4240
21043
8483
-17272
-9525
-17733
9352
17492
12852
8499
-21496
-13620
-17717
-22326
144
21299
17219
8995
17
-22389
-18245
8865
9078
21059
6210
-13159
-17475
-21844
-12549
-13785
-26438
9088
13621
16947
8755
-30464
-13652
-13605
-17733
-30822
17555
21043
9267
8756
4644
8995
13139
8483
-16888
-13076
-17475
-21828
-22085
153
13892
13108
12867
12850
-30448
-17511
-17476
-17990
-22373
-26727
6785
-1125
-9541
-18005
4225
17508
13138
4146
-5205
-17475
-22085
409
13637
13364
8738
-30704
-13652
-17460
-17990
-26710
13586
13380
13091
8753
-25719
-17492
-18245
168
21539
7921
2577
-17219
-13636
-22068
-32616
21283
17267
13363
4129
-25719
-13380
-17988
-22341
409
17474
8996
12596
17
-13413
-13636
-22342
8105
17221
12867
-30432
-13140
-13636
-17733
-30807
14117
13619
13362
4130
-22136
-13365
-21829
-26695
17170
12867
-30192
-16677
-22070
-22358
13696
21315
13139
8771
-30432
-13396
-9509
-17750
-22356
128
17204
13123
12850
4673
-30686
-17782
-5717
-18260
-25925
-4197
-13126
-26882
-16868
-22086
32665
25907
13380
12610
-30687
-17253
-17189
-22101
1962
17427
9028
13122
2081
-5205
-13636
-17749
32681
17461
13108
4148
-30439
-13653
-17732
-32614
16965
12339
-30703
-16724
-17204
-17478
-22358
4736
21347
13395
4643
-30208
-9540
-17701
-18245
9360
17235
16963
8482
-26328
-13620
-17445
-21845
-32600
17699
13108
8228
-26352
-17491
-13893
4504
21587
17187
4387
-21368
-13876
-17718
-26710
9252
25411
13139
8771
2081
-9317
-17716
-17717
-26453
8960
25155
13107
4385
-30455
8
13349
13366
12851
-30175
-9524
-13589
-17461
-26454
13569
13366
13378
8482
-30200
-13379 
-13637
-22084
-26455
8577
17219
17203
12852
8754
12578
9249
17460
12595
-32751
-1077
-17188
-13637
-18262
152
17461
13379
8754
2081
-13413
-21556
-13893
-26710
4480
13621
8739
6176
-17767
-18262
13210
13429
16692
2081
-9211
-25822
-13379
-17717
-21828
32665
21283
17235
8756
-30424
-13396
-13878
-22598
8849
17252
12866
6161
-13414
-13636
-22340
408
17205
12868
12851
-26088
-9508
-13621
-22340
32680
17443
16963
8770
4386
-25848
-13636
-13878
-26197
-30824
0
-32477
-21236
-26407
9625
17732
13109
13109
8227
-21736
-13317
-13621
-17988
-26453
8832
13381
13379
13106
8226
-30696
-21590
-13381
-17717
-17445
-17987
-22102
4488
9041
25411
13108
12883
8499
-30200
-9253
-13636
-17718
-22614
4609
13380
13108
13123
8226
-26360
-13381
-17988
-13653
-22340
-22136
-17443
-22084
-26692
17412
17491
16962
8226
2328
-5461
-21827
-17733
-22598
4249
9491
8755
2344
-21331
-26165
640
13670
16948
8498
-21880
-9493
-21828
-22341
8960
17508
16931
8738
-30704
-9556
-17716
-22084
-30807
8960
12867
4161
-16726
-22086
4504
21317
21331
16947
15880
12841
2338
-13412
-17716
-13862
-22358
4480
13636
13363
8755
2576
-13380
-17731
-17733
-26455
8961
21315
13107
-30704
4369
9283
13428
17219
8498
-17015
-21555
-17732
-22326
400
21300
17219
13107
10274
-25847
-13605
-9765
-22100
-21830
-26438
32682
17153
21285
13381
17218
13122
8770
-30687
-13109
-17476
-17733
-26422
152
13074
13123
4161
2048
-28759
4224
18241
21315
13107
-30447
-1347
-17461
8987
-22358
5248
17704
13092
12596
514
8210
-26616
-22036
-22068
-17205
-21846
-26183
-22373
-24664
29475
17238
17219
16948
8497
-21880
-13348
-13637
-22084
-28775
13858
16949
17203
12850
2337
-17220
-13365
-13909
-26470
-128
8193
-17655
-9795
-26726
30226
13380
16948
8754
2816
-13634
-9781
-17733
-30807
17426
13109
13123
8498
-21736
-17460
-17717
-21845
408
13875
12851
-17271
-17987
-22342
9600
13397
-768
21030
13108
4130
-17270
-13620
-17702
-22086
-32616
17460
16931
4659
-30464
-22373
4009
21540
16963
8756
-20855
-9525
-17731
-17733
-32599
29731
13365
16947
4386
-21880
-9509
-17988
-26438
4481
17220
8514
-30464
-13397
-13893
-30535
17667
17491
8995
2082
-13123
-13621
-17718
-30790
21522
13380
13107
4403
-21495
-13620
-21828
-26454
4480
17460
8756
4130
-21494
-17475
-22598
5008
17476
9011
2593
9790
-17460
-13893
-26453
9216
13380
13108
12835
6178
-13670
-9524
-22084
32696
17442
17219
8499
-25832
-13347
-21828
-26454
4232
21299
9283
12593
-21879
-13607
-13909
4778
25443
17235
4916
17
-9301
-13621
-17990
4248
13348
13122
289
-17474
-17446
-22357
-32616
17462
13364
12851
2337
-9540
-17430
-18005
-28759
13315
17219
12867
9011
13107
4641
12297
-5189
-17189
-13635
-13877
-13637
-22085
-32598
-1037
9247
17252
13395
12866
4130
-21752
-17203
-13909
-22342
-103
17186
13109
12853
8482
-22000
-17749
-22067
-13909
-26422
-21336
-13890
-22070
32681
25619
13621
9013
8483
2321
-17508
-13365
-22100
-26694
4480
21571
8740
8225
-17142
-13365
-22070
1961
21282
9042
4114
-17792
-13877
-22084
5008
25411
13091
4384
-9318
-17459
-18004
-26438
17666
21315
13122
4146
-21096
-13636
-17973
-26693
13184
13380
10615
8483
-30192
-13635
-17476
-18005
4496
13366
12852
12594
2065
-22102
-30500
32680
5425
-30424
-16708
-17428
-13877
-22101
4504
13397
13891
12835
8241
-26104
-13349
-17988
-22070
-26712
4624
12835
12818
12818
25381
13939
13108
9027
2338
-9300
-9525
-13637
-22614
8833
17491
9012
8755
-25856
-13605
-21812
-18246
-32376
13093
12627
4145
-30584
-30566
17568
21557
9013
8482
2578
-13139
-9781
-17974
-26628 
-17880
32665
17169
17236
8754
-28655
-21878
-17701
-30791
13330
17236
4659
-22504
-13377
-5702
-22084
32681
21265
17251
16963
2066
-21366
-13636
-17477
-22358
4504
21298
9012
4626
-26104
-5476
-30808
21777
21300
13123
2337
-13364
-17204
-18262
32680
17716
13364
8995
6162
-13687
-17444
-17717
-13893
-28759
5120
13379
16947
4659
8208
8720
21300
13140
4401
-13671
-13332
-13638
-21829
32680
17700
9567
13139
8499
-29952
-17443
-17446
-22615
400
17459
12579
-30445
-17765
-26678
17957
21555
13107
8242
-9334
-13605
-17476
-26198
409
13604
9284
8738
2081
-13398
-17476
-17990
-88
13858
17443
10273
-26453
-13621
-18518
21522
13652
13109
9266
2337
-13140
-17731
-13878
-22359
128
13587
9011
13107
12899
9252
9012
4385
-26087
-1381
-13620
-17460
-17733
-28742
25634
21571
16947
8498
-21760
-17203
3589
-21715
-21828
-26454
8961
13396
13363
4626
-22135
-17700
-17972
-30806
9475
12868
4147
-21495
-16693
-22118
400
13621
9028
8770
-30464
-13380
-17189
-17478
-30822
13569
13109
8772
290
-22136
-13365
-13909
-26711
13057
9015
12851
33
-13379
-13365
-22102
-32616
25651
16948
8483
-30704
-17236
-17477
-26183
392
13348
12322
-12646
-17219
-17732
-26710
17281
17206
16948
8498
-22008
-13876
-17461
-22357
9910
13314
13124
9027
4386
-25848
-13635
-13877
-22614
4240
4642
-13272
-13364
-17446
-26711
17683
17205
13123
8755
-26096
-17188
-21828
-21829
-28503
21523
13108
9012
4114
-25973
-17461
-18262
4609
16641
-30312
-835
-13876
-22101
-30823
17426
17236
13364
8498
-30704
-10085
-21844
-26166
8962
17267
12850
-25847
-13588
-17716
-22069
-32359
13606
13108
8770
2560
-13379
-13637
-17989
4520
13653
13108
12866
8203
8746
-30464
-17491
-17461
-26454
264
16945
2322
-9539
-9509
-22085
152
17207
21059
13107
6177
-9317
-17716
-17974
-28774
17426
13124
9027
4129
-13687
-17460
-13893
-22085
32681
9507
9267
4403
-26584
-28517
2178
25623
13365
8499
-17398
-9509
-13877
-22085
-32616
17206
13380
9026
4386
-21495
-13605
-17445
-22085
32665
13586
8738
4385
2305
10000
17441
16933
16947
4915
-21744
-17171
-21828
9931
-22358
4736
13636
8770
2065
-21624
-17461
-26712
13458
9044
8500
2321
-13093
-13381
-17733
32698
21779
21315
16947
6161
-17269
-13892
-26438
4744
17220
12850
-25576
-5700
-17718
-22085
5008
13652
17204
16931
2065
-17252
-13621
-17732
-22358
9344
13109
8772
12594
6176
-17510
-17461
-22102
4737
13124
10275
-12645
-17460
-17718
-26694
21779
17204
13107
2338
-16996
-13622
-22356
152
21283
13155
-31229
16938
4386
-21752
-17188
-13637
-22358
4488
16949
13123
8498
-22136
-21796
-26710
13568
17461
16946
-32751
-17253
-13605
-17702
-22086
8960
17252
13123
12610
-22016
-17460
-21813
-30806
21811
16948
12851
-30168
-9555
-9525
-22356
-26455
8705
17474
13091
6179
-18166
-13877
-30565
21779
13363
8242
-17256
-9269
-22357
-128
17188
13395
8754
-29944
-17171
-17732
-17718
-26728
17667
17204
13123
34
-17528
8356
-17702
-22086
-32616
17204
16675
8755
-32767
-20451
-13861
8721
13428
13365
34
-13172
-13635
-17461
-22357
400
17220
17219
16947
17
-17527
-17475
-18246
168
21300
9042
4114
-16886
-13621
-22070
153
13348
17219
8739
-21728
-9539
-17717
-26678
4736
17477
12852
8498
-25976
-13333
-13893
-30806
13586
9014
8755
6433
-9317
-13621
-22100
-28776
17170
17491
8466
32
-13669
-13636
-26181
-32112
26878
21271
9284
16690
8466
-16998
-21830
-103
21634
13365
9028
4129
-17510
-13604
-13877
-21830
169
17461
13364
8482
-22135
-16677
-17749
-26438
25379
17235
16963
8498
2320
-9557
-13877
-25925
-17749
-17477
-12870
-16965
-17477
-26710
13841
 17236
16979
8754
2081
-9317
-17461
-17734
-30791
12801
13124
12835
-26352
-17459
-21812
-26710
13698
17205
12867
6178
-13943
-13635
-22084
-26455
13587
4657
6162
5388
-13573
-13605
-17733
409
17717
12868
8500
34
-13557
-17430
-26181
8592
13366
12851
2353
-9269
-22082
-26454
4736
13381
13364
8210
-22008
-13654
-17716
-22054
-26726
4353
13349
6673
-13637
-22609
4505
17253
13395
16947
-30191
-13651
-17716
-17717
-26454
17152
9285
13108
12850
-30448
-9555
-13877
-17477
-30551
8833
13124
12594
13122
4372
21570
8980
21059
4641
-30464
-13618
-13620
-17462
-22374
26357
-30680
13569
13365
13091
4401
-26104
-13636
-18262
-31736
13652
17203
8482
-17392
-13604
-17732
-26166
-32360
13093
8786
2337
-13398
-13877
-22614
21249
9332
8995
4145
-9318
-9525
-17717
-26711
21266
17491
13107
4402
-21623
-17460
-13909
-26197
4496
13108
13379
4114
-17253
-17716
-28757
21762
13109
8500
-25584
-13635
-13877
-28758
17025
21331
9028
4386
-21752
-13874
-21571
-22101
32681
17426
17219
11136
4385
-25848
-17220
-17734
-28502
21267
16963
6194
-17252
-13380
-13894
-86
25651
21315
12866
-30703
-13142
-17731
-21828
-22615
9233
17218
8500
4129
-30455
-21301
-18005
32666
21795
13109
8242
-29559
-9796
-14149
-28775
13349
17235
12851
-30704
-9316
-17716
-21812
-22085
408
13892
13363
17203
4386
-30440
-22391
-28759
13601
8994
-341
-9557
-13605
-21814
-28758
21522
13365
13123
12851
-30191
-13635
-32762
-13273
-17749
-26693
13186
13379
12595
-21496
-21795
-17717
-28759
21540
21059
13106
-26608
-13412
-21827
-17989
-32344
17475
13379
8740
18
-21879
-21811
-21829
32664
21267
8257
-17752
-13316
-18004
-26422
9216
13381
13122
12595
-30168
-9524
-17972
-25941
4744
17461
8772
8737
-30448
-5461
-13877
-21830
-32615
4355
6196
-13410
-17731
-26181
5272
21332
17475
8995
2080
-13414
-17459
-17733
-22326
4736
10891
21059
13107
4130
-17655
-9509
-21829
-26454
384
-30702
-13139
-13653
-13893
4280
25412
9029
13378
12834
-30448
-16948
-17748
-17477
32681
13330
16963
4402
-25848
-17715
-17701
-26694
17026
17522
13091
4643
-17143
-13620
-17718
-24662
21266
13140
13123
4386
-21495
-17445
-22340
-26711
4353
6179
-13560
-13573
-17972
-28727
21266
13683
9012
8242
-26368
-13378
-21588
-22102
-103
17443
13635
12835
4145
-12793
-30172
-5189
-21844
-22598
4488
12835
-30655
-9573
-13589
-21828
920
17207
13395
9011
-30702
-13157
-17716
-17733
-32103
17462
21043
8755
-26096
-9539
-17716
-22070
-103
17460
13364
8482
-26352
-9285
-13893
-22599
9217
13109
8756
-30704
-13379
-17987
-22342
9089
17236
13124
8499
-21752
-9508
-17476
-22102
32664
13602
12851
8498
-26352
-17221
-22340
17282
17492
9012
8770
-25856
-17172
-17732
-21829
9568
9089
16964
16947
8482
-26616
-13654
-21589
-26472
17457
21027
4131
-341
-9557
-13892
-26454
12673
17237
13379
4642
-26112
-17219
-9797
-22102
4232
13348
13123
8499
-21760
-17459
-17973
32680
25379
9013
4146
-13159
-13365
-18005
152
21557
21043
8483
-30687
-9045
-17492
-17989
-30790
13569
13380
9012
12851
-30704
-9285
-13878
-26454
-26455
-21814
-17494
-17715
-26183
18051
17205
21059
8770
4130
21002
-30682
-9301
-13621
-17702
-22358
4864
13396
13123
16947
6417
-9846
-13878
-17990
-26710
1928
-30807
-25684
-21782
-30808
25924
21556
13362
4643
-26096
-17219
-17461
-22085
32665
17170
12868
8754
-30184
-9556
-17718
-26692
9217
17459
8770
-17136
-13635
-13621
-32599
25619
17220
21043
4114
-25975
-13620
-17732
-22085
664
13636
13107
4148
-20982
-9525
-17973
-26695
17410
21331
16947
34
-21494
-9525
10767
-22326
8832
13125
8757
4130
-16998 
-17460
-21828
-26711
13569
16949
16691
2080
-13413
-21812
-22326
136
17460
13108
8483
-30192
-13876
-17461
-26709
9217
21315
12852
6177
-5221
-9525
-17733
-28743
21795
13379
8756
6161
-21750
-17700
-17717
-22342
9345
8996
16947
6178
-9575
-17973
9360
17221
17219
12850
-25856
-5397
-13621
-22084
-26710
9089
13365
13378
12578
2064
-17765
-17701
-24646
17683
4864
17443
8995
-30446
-9284
-13877
-26180
32664
21523
13379
8738
49
-13397
-9781
-18006
4480
17476
16931
6177
-5477
-13636
-22340
4521
13381
9012
8481
-25847
-13365
-17462
-28758
16896
17235
12852
4129
-13173
-13620
-17733
-22342
25346
21315
13091
34
-13910
-13365
-22101
664
13110
13154
8499
-17144
-13093
-21828
-26437
9729
17475
8740
4129
-21623
-13621
-21813
-22085
4992
17188
8757
-30703
8595
-13380
-22084
-71
25635
17204
9011
2321
-13635
-17716
-22070
144
17460
17203
8770
-30207
-9540
-17445
-17733
-28759
13588
21043
8756
4385
-26231
-13621
-26708
-128
8978
68
-25575
-17460
-21797
-18230
9216
17748
9012
12851
-21472
-17203
-13892
-17989
-30807
17426
17219
17203
8738
4113
-26240
-22340
-32358
14354
-13910
-21298
-17475
-18262
176
21588
21299
9027
-21743
-9237
-17732
-22069
153
-27149
9510
13110
9012
8498
-26360
-13636
-18246
8329
21539
16674
-25832
-5157
-13621
-18005
152
17461
17204
8739
-26368
-9540
-17989
-26678
5128
17458
12834
4403
-25960
-17747
-13876
4777
17238
12884
8769
-26112
-13123
-17732
-17990
-103
13348
13363
8739
12352
-26368
-28791
-17731
-26662
5394
13123
2144
-12885
-17718
-18245
29568
17220
16947
33
-17013
-9525
-17718
-22085
152
17700
17219
9267
10146
2081
-17767
-13620
-17749
-26456
-13895
-26214
-25958
-24624
25619
13155
17219
8770
8756
-25720
-17473
-17717
-17972
-30806
17682
17218
12851
4145
-13159
-17446
-26197
-28520
21538
12866
2082
-16758
-17221
-17749
-28486
17956
17204
13122
4114
-9318
-17716
-17958
-22342
13313
21059
12851
8498
-21751
-21826
-22582
-32359
29475
12884
4643
-21367
-13620
-17476
-22342
14082
17204
12835
2082
-5477
-21796
-17734
4601
-21978
8833
13652
12852
8514
-30447
-9285
-13636
-17990
-28758
17425
8756
4386
-30583
-30072
10036
13636
12866
4404
-25832
-17459
-17446
-17478
-26470
13569
21555
13107
8499
-26088
-21569
-13653
-26453
4992
17204
16948
4386
-26343
-17190
-22085
-102
13877
16691
-32751
-5205
-9541
-13877
-30535
8960
13667
13619
4114
-26359
-21605
-18247
17425
17507
12850
-21752
-8997
-17733
-22069
4489
17221
13395
10164
6177
-13415
-17445
-17974
-22599
4994
21059
12851
-26608
-17494
-17973
1192
17476
16948
8739
-26104
-13092
-17748
-17733
-28759
21523
13395
8755
-30704
-13396
-17732
-21814
-32624
17188
13395
16947
4129
-26360
-17220
-21828
32666
9233
12595
-17270
-21554
-22100
-22342
13313
13156
13363
4131
-21751
-17204
-21542
-18005
-28774
13697
16964
16947
13089
-30208
-13381
-13637
-26710
8707
2346
-5239
-13876
-21798
-25093
-21474
-28758
13318
13124
12882
8497
-17399
-17173
-17749
-30805
13586
21315
8995
-30688
-25447
-22100
-26711
13058
21063
12851
-22000
-9524
-13349
-17990
-32615
21540
13109
12610
-30160
-13380
-17461
-22358
136
13348
12868
4402
-30439
-9525
-21845
-32598
17685
13124
12595
-17376
-9523
-21812
-22341
4992
21315
16963
8755
-30207
-17491
-13621
-17733
-26694
25362
17491
12835
49
-13670
-17460
-22614
8577
9337
4660
-30702
-17269
-21796
-21813
-24646
17169
13397
8757
8498
-17384
-13093
-17477
-22086
392
21284
13379
13107
8498
6145
-13381
-17717
-13654
-18230
-13432
-13893
-17717
-26390
21523
13380
13108
12594
-17656
-9252
-21844
-21845
-22615
13313
17491
 17203
9012
33
-18039
-17445
-25927
-30806
-28278
-26352
-1062
-17220
-22615
137
13077
8788
12849
-21736
-13604
-13861
-28759
21505
13381
21043
4386
-26112
-13816
-17117
-17716
-17958
-26710
9217
21043
8754
-29920
-9539
-22054
-103
17697
13108
12338
-25584
-13364
-22357
392
21317
13380
8995
2321
-17218
-13892
-21814
-26711
8834
13396
16947
8497
-25976
-17189
-21828
-22342
408
17476
13379
8738
2320
-16997
-17476
-22086
4488
13349
13107
50
-16742
-13621
-22310
32656
17443
16979
6178
-13430
-13620
-13893
-26695
21635
17204
13122
8482
-25847
-17204
-13637
9780
-26710
4224
17443
4642
-30191
-17639
17578
17220
12834
2608
-5473
-9525
-17990
4232
17476
13635
13091
4130
-17383
-17459
-17717
-17974
4232
21316
21043
4129
-25848
-13891
-21814
4504
17716
13091
8258
-21879
-13860
-13621
-18005
32664
17716
16948
8754
4129
-25976
-17475
-18245
9496
4901
8760
-9335
-9524
-13877
-26452
408
13605
13379
8756
17
-13431
-17475
-13893
-26710
13569
17475
12851
5382
12840
-26096
-13364
-17477
-26711
13313
16948
10273
-17526
-13620
-17733
-32598
21316
13395
17203
2066
-5221
-17730
-13877
-26453
8833
21347
13108
12835
-30447
-17253
-13878
-25925
-22614
-32359
12819
12626
-21744
-17412
-21814
5008
13652
9028
8226
-30200
-13620
-17701
-22357
8848
21284
21315
8755
2097
-1637
-17717
-22069
4505
17205
13363
4146
-17255
-1605
-22358
4000
13109
9283
8500
-16759
-13380
10485
-22342
160
25411
17235
13106
4130
-21752
-21555
-22101
-18246
-22104
4104
7072
-853
-17220
-17749
186
17191
16994
13107
10290
-9573
-17204
-26198
-119
13057
8789
4146
2320
-17792
-30548
-17987
-25686
-17989
-17442
-21796
-17461
-22086
8856
17462
13379
13109
13107
4370
-13671
-13890
-13877
-22084
-26711
-119
13346
20755
17187
16932
12865
13107
-30192
-5171
-13349
-13893
-22615
13313
17236
13379
-20476
12845
4387
-25847
-17459
-21828
-18006
-26727
8706
17217
8995
4371
4403
21539
13154
4691
-25560
-13107
-17717
-14117
-28759
17411
17234
12867
8755
-30184
-17475
-21812
-13893
-22598
4248
16932
13379
13363
13107
4385
2432
-13912
-9571
-9269
-17717
-9781
-22358
408
25427
9284
8995
4129
-26343
-9539
-13621
-22100
-26710
640
21298
12595
-21367
-5990
-32631
17446
17205
17203
4114
-13413
-13605
10528
-21828
-26182
4497
17220
13124
9011
8499
-26231
-17701
-17733
8859
598
-13541
-17204
-13892
-26181
-32248
17462
21043
12850
4114
-17475
-17731
-13877
-30807
13586
17204
13123
8242
-21478
-17702
-17958
-18519
13586
17459
8465
-21238
-9509
-17749
4752
13684
16948
8739
-25848
-1349
-22068
-17990
152
16949
8772
4642
2072
-13379
-17477
-22357
13440
25411
13364
8226
-26232
-13635
-17973
-26438
8849
31743
13596
12852
-30207
-17473
-17716
-9797
-104
13367
13124
8786
2080
-21350
-13621
-17733
32681
13588
16947
2065
-21622
-17204
-21829
-26710
17682
16948
12866
34
-17397
-13589
-17477
32665
21012
17219
9011
-30432
-13124
-17476
-18246
-30807
17442
16979
8483
-25856
-13364
-17717
-26165
153
17461
21283
8995
17
-22135
-22054
-22629
25472
12853
2082
-17781
-13618
-21797
-22085
9106
17221
16946
4386
7548
-16948
-17732
-22085
8832
21347
13124
12595
-26352
-21572
-17973
-28759
9088
17459
8227
-9208
-13620
-22068
-22374
4760
17508
8740
4402
-25975
-13635
-17988
-28758
17682
13634
8756
10274
-21622
-17173
-13893
-26182
4737
21347
17203
8210
-21752
-13396
-17733
-18246
-26615
5258
4104
-20975
-22640
-28116
17045
17235
8788
8514
-17271
-13108
-13909
-22614
4488
29763
17203
16947
4114
-17254
-13349
-17748
29434
-17877
-30806
13568
13635
13347
4129
-30696
-22117
32698
13607
13107
 10290
-13122
-17474
-17477
-26438
13185
21331
13108
12594
-26096
-13635
-13621
-26710
4481
9013
8771
-30192
-9795
-13637
-18517
13187
13381
16691
2081
-17239
-13622
-17989
9106
17507
16947
4658
-17527
-21284
-17749
-22070
1962
17426
13395
8497
2065
-13399
-21827
-30773
21506
13092
12626
-29920
-17217
-17476
-17990
392
17476
16948
11263
8482
-21752
-13364
-17974
-22085
-32600
17474
17203
8210
-17527
-17716
-22326
4761
17237
13122
4131
-21111
-13621
-18005
32696
17461
17219
13107
-30431
-13140
-13636
-17973
-26694
13056
13125
13108
50
-16982
-18005
-32087
17508
13635
12851
34
-9301
-17716
-22068
-22614
4608
17189
12852
4402
-17270
-17716
-22053
-88
21315
13109
12610
-30440
-17747
-17957
-28727
14099
17204
13107
6178
-9061
-17460
-5630
-17363
-22101
-87
21539
21043
8498
-30192
-17749
-22325
656
17251
8755
-5237
-17700
-17957
-22342
13441
13381
13122
8514
-30192
-9540
-17716
-22084
-22615
4481
17219
17203
13091
12595
13106
-17120
-22071
-9855
4235
-1128
-13619
-13622
-17989
9104
13653
13364
8754
-30448
-9557
-13605
-17732
-22085
32649
17188
13379
13107
306
-28663
-21605
-72
25143
4386
-16741
-16949
-22085
-28263
21779
13110
10496
13107
6418
-17474
-13876
-17718
-26438
8832
17492
12835
4402
-26088
-17734
-21831
29059
13411
8755
-25840
-9252
-13637
-17973
-26454
21250
13667
17203
8482
-26095
-17219
-17733
-22325
4504
13124
8771
-29688
-9269
-17732
-22342
13954
21315
12853
8755
-30184
-13364
-17461
-17733
-26710
13570
17235
13122
8754
-26368
-9813
-17973
-26695
8576
-22504
-17411
-13349
-21861
-32359
17701
17219
9012
34
-17270
-9464
-9432
-17461
-17989
169
13333
13109
8739
6193
-17495
-13636
-17717
-22085
-30552
4608
2460
-17157
-21829
-22582
17926
17204
8772
4146
-26368
-13365
-17461
-22102
-32616
13346
13124
13123
2080
-13350
-21556
-22102
-28759
21539
13108
13091
4128
-17767
-18519
29185
13139
13123
10531
-16660
-17476
-13893
-26695
17426
13380
13107
-26320
-9539
-17461
-22085
168
17491
12852
12850
2321
-17252
-9797
-30551
7675
21281
17251
8754
-30191
-17459
-17461
-22343
8336
13636
12851
-30448
-13395
-22068
-22342
152
17508
13364
8995
6162
-9302
-17716
-17958
-30806
9217
21315
12579
2081
-13414
-17987
-26438
8848
16964
6162
-5464
-13634
-17717
-26455
25364
13110
13122
8242
-21752
-9509
-17958
-30806
13073
13396
13107
10258
-5495
-13620
-17718
-22085
-32087
17206
9058
8499
-30424
-9540
-13908
-26454
4096
9507
9012
-4609
21022
544
-30439
-18277
-17510
-32306
4489
593
-24960
-17429
-22053
-21845
672
17222
13124
8739
8467
2098
-13686
-21268
-22084
-18245
-20309
25650
13139
-32719
0
152
-31663
8772
-21703
-17155
-17718
-22102
4744
17492
12853
8498
-30448
-13140
-17476
-17732
-26711
13329
9286
13091
4402
-21495
-9301
-17493
-26471
13058
16420
2305
-13398
-21570
-26678
392
17746
13379
8770
-30704
-13652
-17475
10636
-22070
4480
13108
13124
12850
2576
-17748
-21781
-17749
4248
21349
8756
4129
-21495
-13363
-22100
-30822
12929
16950
8995
32
-9844
-13908
-22342
-32615
13908
13363
9026
4130
-22007
-9781
-22340
-28756
5376
-28640
-9556
-17730
-22068
-22326
9624
21555
16946
13091
4385
-25685
-17701
-22053
-22597
4504
22546
16296
17668
17154
16898
8724
3600
-13109
-21572
-17990
-26693
8833
13125
13110
16947
-15871
8997
13090
4648
-13284
-13589
-21828
-18262
-32598
13056
5939
1048
21300
17234
13092
8481
-9206
-13605
-17461
-18005
-30789
13208
17206
13365
13363
8225
-21880
-17700
-21812
-22341
4481
13125
8772
4385
-17912
-9780
-22101
392
13367
12835
-25592
-13589
-17717
-22326
13825
17205
8756
4385
 -26087
-17476
-17479
-32616
4625
17427
4897
-32720
-25053
-22655
-821
-26438
1152
4932
12596
6178
-4709
9606
-22084
169
13587
17459
8772
-30687
-17496
-22101
-21862
-16452
4628
290
-5747
-17475
-13635
-18005
776
17731
13139
9043
-32719
-9845
-9539
-13909
-22614
21507
9013
8770
2097
-9302
-17461
-26694
4360
21539
8500
-29936
-17444
-22326
1929
17409
13381
12850
2065
-17495
-16933
-22083
-22086
-32632
17443
13621
4643
-30464
-13924
-17477
-18246
18049
17203
8770
34
-21496
-13604
-22084
-22599
8576
12281
13857
13365
8755
-26112
-17444
-17732
-18245
13953
13365
8756
2081
-21622
-9525
-17733
921
21284
16979
8754
-30687
-17492
-17700
-22068
-26182
-32376
21554
13108
8514
8225
-22264
-13908
-22102
17153
8757
528
-17604
-1361
-13892
-26710
8832
17747
12852
8243
-21495
-13605
-17717
-22086
9344
13124
12866
8739
8481
-21860
-13588
-18262
-22087
17552
21524
13090
-32463
-17270
-9525
-22070
-28759
4880
7532
9026
34
-18165
-9810
4488
28980
8704
-22647
-17761
-13620
-17751
8576
13655
13347
4898
2082
-30464
-17222
-21813
-17460
-13621
-17716
-18243
-32599
17682
25651
13091
8756
-30175
-9556
-17461
-14149
-30806
9233
13140
13124
12835
2337
-17218
-13621
-17733
-26422
4480
9013
8498
2080
-26112
17921
17220
13651
8755
2576
-9538
-17444
-22102
32680
13860
13109
16963
6161
-17511
-17460
-13637
-22358
499
-32725
8960
9269
13108
13107
13090
4369
-25334
-17730
-26439
-26232
-17156
-17732
-13878
-26454
25380
13396
16947
8498
-25856
-13363
-21828
-13893
-26454
8961
21316
12851
12851
-30446
-25976
-26455
12945
371
-8950
-13380
-17462
-22358
3992
21284
13125
16963
8482
-22008
-17202
-9797
-26198
400
21556
8996
12594
-26104
-17475
-13621
-17990
-103
17205
8771
4128
-17496
-17972
-28759
17702
13379
8483
9101
-13158
-17220
-17990
-26694
9218
17219
16963
4403
-26343
-17460
-17732
-22085
13440
13381
16947
4129
-18040
-17444
-17973
-26454
5122
17474
16946
4385
-17400
-17444
-22084
-26710
17425
9028
12595
-16758
-17475
-17734
4249
17462
13380
12835
2065
-13157
-17748
-17702
-22358
4480
17218
12596
4402
-25976
-13637
-30832
25651
13124
4404
-21590
-17460
-13621
-21829
-28758
29441
17220
13379
8754
2065
-9558
32261
-9439
-17476
-22375
4480
6177
-13685
-9284
-26181
-22343
9477
16995
13603
16931
2321
-9062
-17476
-21828
1978
13826
13124
13123
8499
-30175
-13397
-13635
-17733
-13638
-13653
-22070
-17460
-26197
-28503
17478
21075
12852
8754
-26359
-13349
-17732
-18245
409
13621
13363
8226
2584
-13379
-18004
-22357
9224
12852
2593
-13652
-13588
-22085
409
21813
13365
9011
8242
-13688
-21795
-17973
32682
25379
11090
13107
2081
-17252
-17716
-18230
32680
13331
17203
8482
-17392
-17219
-30550
13315
17477
13364
12850
-26352
-9556
-13605
-17733
-22342
145
13380
16948
9010
274
-21623
-9542
-22085
25219
17251
8498
-9334
-13619
-17477
-26695
14082
17204
16963
8754
-30184
-9285
-13621
-21830
-30823
13586
8515
4385
-22263
-26148
-87
8980
17267
13075
-21720
-13361
-17476
-18005
1962
25619
21315
9012
290
-21751
-18936
-13277
-13621
-22356
32681
13056
17203
8500
-22136
-13876
-17989
1945
25143
13123
6194
-12867
-17748
-17989
424
17252
13124
13363
2066
-13686
-17428
-21844
-22342
144
17476
16947
4658
-26112
-13652
-21813
-22342
4496
13619
8241
-17783
-16917
-14166
4489
17207
13124
8786
-30448
-13124
-17732
-22340
408
17205
9028
8755
-26088
-9524
-17988
-22341
4521
16950
13139
4418
-30704
-13636
-17461
-22327