1072
2962
3305
3617
2765
1991
1757
691
-1831
-2861
-1925
-1073
-815
-581
485
1067
1243
1083
1228
1360
759
-7
-305
-395
-477
-403
-743
-682
-402
-45
649
1345
1435
1024
801
597
166
-114
141
372
162
-183
48
679
950
1032
1405
2017
1771
651
-150
286
683
-400
-836
-174
186
295
593
683
272
198
-6
-684
-1679
-2076
-2436
-2327
-2228
-2318
-1578
-86
3113
7230
5570
3054
2597
2182
-464
-2868
-2556
-2272
-2014
-841
225
1195
2076
2236
2381
2513
1672
468
-12
-157
-289
-409
-737
-836
-565
175
871
1323
1077
704
772
711
655
706
475
96
-261
-399
-273
72
118
76
343
516
359
444
574
597
618
833
805
466
328
286
248
75
-82
233
443
98
-133
414
787
719
658
1050
1305
796
-224
-369
823
983
-328
-856
-55
673
276
-84
25
323
594
348
-174
-650
-711
-655
-604
-742
-1205
-1266
-986
-731
-408
223
1580
2550
1669
1189
1334
937
96
-13
285
195
113
486
146
-532
-442
-31
342
138
-293
-349
110
418
362
209
-22
-148
-186
-220
-189
-104
-182
-205
-98
-1
-18
-66
7
127
79
-141
-361
-161
21
-49
-243
-217
-4
-89
-167
-49
101
-35
-87
91
21
-216
-185
-42
-120
-285
-91
144
-76
-276
-41
116
-314
-622
-117
495
413
40
108
292
124
-29
-75
-33
158
124
-160
-122
399
622
146
-38
130
181
43
-167
-205
-239
-145
-2
337
568
442
175
-138
-12
486
282
-396
-306
105
328
-12
-73
-129
-180
-134
-260
-298
-195
-415
-673
-570
-350
-150
85
242
327
40
-227
225
656
488
437
854
1022
767
444
234
-111
-157
53
15
-88
-245
-217
-35
35
56
-2
-268
-613
-475
-96
-45
1
43
-71
-244
-87
-2
-184
-161
76
107
-36
-218
-288
-181
-239
-327
-84
298
145
-86
40
231
58
-36
49
336
145
-307
-368
-88
-37
-175
-49
142
108
139
54
-128
-246
-139
-81
-276
-354
-94
288
-69
-578
-238
193
-199
-556
-233
61
23
-11
-231
-259
80
126
-253
-202
-248
-458
-191
-18
-302
-340
-98
-255
-398
-163
-69
-212
-342
-412
-305
-129
-342
-657
-531
-264
-230
-199
-114
-140
-117
-53
5
22
-156
-464
-422
-77
-215
-594
-645
-228
-60
-213
-351
-225
-34
-207
-491
-300
82
-71
-394
-436
-245
-3
-97
-297
-271
-11
-45
-392
-530
-236
-122
-225
-256
-171
-145
-215
-279
-221
-204
-220
-59
48
-245
-455
-188
-15
-172
-430
-464
-244
-101
-75
-145
-38
-19
-214
-188
72
106
-304
-472
-13
171
-334
-402
153
376
36
-272
-216
-63
-109
-235
-273
-307
-276
-76
2
-68
-47
-223
-293
-143
150
192
-382
-628
-106
-38
-593
-519
93
175
-198
-266
-82
198
-57
-288
-78
113
-129
-413
-299
-333
-364
-336
-258
2
105
-52
-252
-122
-4
-68
-87
-139
-317
-387
-366
-269
-181
-100
2
15
-69
8
18
-118
-411
-369
-255
-221
-252
-167
-89
-207
-271
-95
70
-80
-373
-499
-385
-143
-174
-202
-20
98
-9
-145
-233
-314
-300
-287
-371
-360
-290
-408
-489
-387
-295
-186
-84
-257
-422
-142
-28
-341
-467
-200
-234
-454
-369
-187
-305
-585
-394
-81
-123
-621
-553
-122
-66
-525
-709
-204
-136
-567
-735
-582
-444
-486
-295
-122
-406
-673
-360
-66
-411
-828
-772
-313
-252
-532
-685
-547
-421
-459
-493
-587
-502
-424
-447
-641
-615
-260
-311
-728
-672
-213
-29
-197
-350
-304
-346
-384
-418
-512
-427
-349
-326
-305
-247
-264
-377
-420
-300
-122
-99
-206
-225
-242
-355
-282
-136
-194
-246
-100
-81
-312
-406
-148
-45
-139
-282
-204
-86
-22
-158
-318
-211
-35
-58
-295
-201
-1
-131
-344
-201
-19
-89
-283
-153
-35
-99
-2
121
137
-54
-132
33
97
-196
-322
-55
118
87
2
132
155
134
115
167
183
51
-37
-53
20
86
98
131
201
264
288
206
129
219
328
226
80
61
184
232
246
233
221
210
300
336
171
-42
43
121
144
165
146
58
236
401
380
204
181
288
424
372
161
76
154
224
203
222
274
322
424
490
406
263
166
149
197
240
227
191
246
336
372
339
309
336
328
321
367
349
266
133
221
399
422
401
459
511
430
298
210
291
393
354
318
351
361
370
378
385
459
489
462
470
522
448
358
394
493
506
446
479
529
574
615
652
646
615
620
615
619
640
584
527
639
752
679
587
575
674
687
627
594
664
673
550
602
748
806
823
807
850
758
674
619
669
751
718
648
657
698
720
739
770
720
701
757
735
661
651
678
670
663
724
700
693
754
778
711
629
640
650
641
584
577
678
664
544
528
630
696
684
607
537
474
466
488
494
537
564
640
739
700
591
489
528
540
463
413
458
499
462
429
460
487
563
530
460
542
553
483
438
495
532
551
619
646
605
538
456
489
579
591
514
524
606
595
565
520
512
534
501
445
438
499
523
471
477
508
513
478
419
395
462
507
433
423
414
373
306
261
351
411
378
328
373
430
408
320
308
407
394
310
277
327
427
414
305
262
301
361
372
342
224
208
251
264
348
425
355
273
306
296
323
347
265
188
198
280
247
197
224
248
255
301
283
200
140
217
227
109
93
195
234
246
235
245
200
241
263
217
186
170
205
201
155
99
136
237
251
212
224
235
165
120
128
121
115
109
125
150
146
150
160
191
179
189
186
140
66
96
105
48
11
112
214
175
91
58
108
153
79
29
56
113
150
156
150
123
88
84
130
136
53
17
-16
14
96
63
73
100
92
70
37
55
71
56
69
98
123
133
154
113
32
21
11
38
46
-21
-12
62
92
83
59
52
58
89
84
38
-18
34
67
24
40
45
49
45
35
45
91
110
29
40
70
61
37
89
108
77
39
24
46
25
-31
-88
9
22
-62
-95
-45
55
16
-93
-79
-13
23
-54
-124
-133
-141
-89
12
26
-13
-49
-82
-72
-99
-156
-134
-115
-133
-117
-71
-53
-114
-122
-40
15
-15
-97
-130
-180
-207
-166
-114
-108
-126
-76
-2
48
39
-51
-111
-100
-30
-21
-78
-85
-52
-21
-16
-41
-91
-85
-79
-74
-120
-89
-39
-45
-88
-115
-110
-106
-43
-34
-108
-98
-53
-45
-67
-113
-107
-69
-54
-95
-133
-158
-117
-79
-84
-106
-77
-36
-74
-150
-161
-111
-120
-144
-151
-145
-102
-129
-94
-72
-118
-124
-119
-63
-26
-72
-165
-231
-171
-94
-124
-206
-195
-165
-120
-79
-86
-132
-138
-165
-231
-331
-265
-84
-110
-180
-159
-101
-118
-166
-152
-191
-275
-198
-108
-120
-219
-232
-196
-141
-171
-234
-177
-184
-217
-273
-280
-326
-382
-270
-157
-200
-266
-254
-199
-209
-236
-293
-315
-309
-327
-332
-337
-315
-303
-293
-276
-267
-308
-314
-231
-171
-248
-338
-350
-295
-325
-370
-394
-357
-324
-330
-335
-350
-337
-316
-341
-379
-364
-333
-354
-410
-369
-347
-353
-421
-430
-438
-445
-464
-495
-511
-546
-542
-487
-465
-471
-453
-426
-431
-472
-499
-514
-492
-446
-440
-478
-483
-542
-583
-501
-424
-414
-477
-485
-478
-472
-429
-445
-460
-473
-461
-486
-538
-531
-485
-479
-517
-512
-444
-454
-499
-475
-438
-471
-477
-472
-548
-603
-573
-546
-669
-864
-473
368
-473
-1239
-543
-272
-518
-592
-660
-599
-319
-268
-499
-541
-503
-469
-438
-410
-488
-606
-499
-441
-389
-437
-451
-438
-450
-395
-365
-374
-415
-408
-454
-497
-436
-362
-412
-494
-417
-367
-394
-418
-366
-347
-440
-479
-443
-388
-358
-385
-409
-402
-396
-353
-281
-311
-356
-413
-376
-330
-361
-422
-398
-331
-322
-363
-385
-391
-385
-358
-393
-452
-395
-343
-362
-455
-494
-313
-235
-305
-412
-354
-302
-383
-426
-387
-351
-428
-438
-375
-367
-389
-435
-342
-276
-336
-435
-448
-339
-296
-309
-369
-358
-308
-317
-341
-363
-382
-400
-395
-360
-338
-342
-339
-322
-331
-349
-361
-327
-281
-312
-339
-354
-313
-340
-375
-307
-237
-246
-303
-340
-359
-328
-301
-266
-297
-309
-275
-279
-325
-393
-311
-278
-308
-353
-329
-277
-283
-265
-270
-275
-325
-344
-251
-212
-345
-468
-322
-225
-277
-325
-311
-245
-281
-292
-242
-233
-290
-342
-241
-139
-205
-362
-383
-325
-308
-356
-342
-303
-194
-121
-160
-269
-255
-163
-199
-232
-202
-193
-201
-194
-200
-268
-368
-302
-193
-150
-163
-199
-210
-180
-117
-125
-237
-285
-242
-96
-115
-167
-215
-201
-135
-171
-160
-210
-219
-162
-110
-104
-147
-163
-138
-142
-205
-287
-276
-166
-64
-103
-236
-184
-6
-29
-179
-237
-220
-172
-99
-60
-72
-105
-115
-33
-88
-198
-271
-179
-46
-63
-47
-90
-51
-63
-118
-128
-119
-143
-165
-91
-21
-66
-123
-86
-12
-62
-144
-133
-23
-9
-101
-113
-80
-110
-101
-11
1
-120
-136
-63
-24
-36
-157
-141
-98
-85
-49
-60
-30
-3
5
57
38
-30
-130
-91
18
4
-62
-26
29
19
-8
-49
-42
32
42
15
-9
-16
-35
-41
-36
-21
-17
-13
-16
-19
-22
-24
-22
-24
7
3
-26
-1
16
-5
-12
5
-20
-44
-41
0
81
26
-24
-15
26
78
72
-9
2
32
59
18
-49
14
71
93
47
4
42
57
98
114
109
87
83
108
84
56
66
90
99
81
64
49
63
73
88
90
88
92
69
66
69
39
60
94
116
95
70
94
85
67
74
49
80
126
95
68
93
106
85
60
36
39
80
161
150
60
48
191
172
49
1
44
83
23
34
84
111
70
77
110
104
88
73
60
64
82
99
108
126
88
61
96
137
132
66
75
99
92
31
7
74
156
167
97
70
111
104
30
40
85
93
100
106
124
140
125
121
167
173
90
30
85
155
110
86
79
98
104
88
103
116
120
64
23
45
64
70
65
70
111
127
122
144
123
105
60
66
138
128
83
42
64
110
67
40
55
59
38
48
100
63
-25
11
66
76
49
41
123
112
42
69
77
55
74
105
110
34
23
73
64
40
62
108
151
135
69
42
66
59
65
71
55
40
71
92
51
24
59
81
93
111
87
66
73
111
116
40
29
59
141
174
104
22
77
147
138
81
44
90
171
160
70
58
69
79
124
83
76
95
151
99
25
55
100
124
87
54
60
76
132
110
64
33
17
63
57
41
36
58
46
-10
31
53
34
28
33
89
96
63
32
82
143
119
52
7
48
55
36
42
69
34
3
15
12
2
-13
5
38
7
3
21
38
53
55
17
-10
-25
-38
-26
-1
-4
-13
-15
-3
31
46
5
-22
24
42
4
-11
-33
-29
12
73
81
44
63
94
89
43
12
28
43
93
139
108
36
26
71
95
73
79
160
171
141
150
158
91
28
52
149
136
124
135
145
190
182
130
149
180
175
190
203
174
140
118
164
182
155
231
286
216
153
161
213
167
111
208
300
264
187
217
280
256
204
210
216
166
185
228
212
227
240
236
211
256
337
282
172
158
304
285
162
146
219
311
227
194
204
249
225
218
237
206
211
196
237
275
240
218
155
164
221
258
225
207
245
291
260
244
300
367
485
728
1249
1472
452
-1733
1078
2212
-880
-2126
520
2237
1301
2153
2411
-1109
-1612
1590
2005
-641
-984
-48
236
-22
681
894
312
-569
232
2417
1481
629
1403
1169
103
-867
-691
-1812
-1376
81
275
451
1252
1107
710
590
-176
520
972
726
204
408
347
403
1168
402
-493
-613
-66
33
1028
1160
559
1544
1147
306
634
932
-425
-619
614
1094
949
-243
558
1869
1693
251
833
2066
945
-74
58
1141
1577
120
-462
771
2213
1243
-344
-557
413
237
-243
-388
1334
1568
76
-506
1081
868
-490
38
198
-238
-635
-755
-646
249
369
-397
1095
2161
27
-257
1550
847
-645
-451
-275
526
1254
-733
-2153
-862
-628
-2120
-3090
-3266
-3106
-3251
-4443
-4923
-2738
-1177
-2597
-3371
-3137
-3350
-4708
-6295
-6508
-5150
-5326
-7729
-8072
-6511
-6227
-7001
-7235
-6169
-5975
-7562
-7349
-6379
-5498
-5658
-4930
-4003
-4844
-6048
-5568
-4257
-3024
-1903
-1467
-1599
-35
1457
875
-6
795
2980
5165
3745
2971
6022
8931
7797
5393
6954
9510
7106
3671
5958
8036
6146
3742
4054
5474
5216
1696
-820
2382
2797
907
564
2749
2465
1174
1
1067
2037
-255
-1191
797
1571
868
1081
2051
1523
722
577
1504
1864
222
-1890
98
1905
263
-376
1370
1604
112
306
1893
1680
322
-911
210
2104
2362
-1158
-2667
1450
4217
-1318
-3527
1160
2985
218
-2298
-926
2816
1307
-1895
-649
2753
1381
-1528
-1150
567
255
-1165
-1423
-250
-2170
-3461
-1349
-497
-2821
-3133
-1145
-371
-1544
-905
841
-801
-1867
1043
1458
-1188
-2218
-1282
706
-68
-2180
-1896
-89
145
-1347
-1541
46
-593
-2339
-1166
326
-644
-820
-660
-1388
-461
1103
-389
-3299
-2053
1349
1806
-1936
-2439
763
2009
-637
-2354
-793
1763
46
-2139
-1855
985
1363
-3103
-3711
1270
1939
-2321
-2874
-358
1929
683
-2719
-3176
3060
2169
-3504
-2768
3259
828
-2855
-2186
857
1410
-1106
-2478
1264
4786
-1161
-3592
1564
3572
-1907
-4116
571
2396
-371
-3893
-691
4714
1031
-3656
-613
3261
745
-2457
-2872
1286
2946
-576
-2863
879
2388
-814
-2060
-1682
35
971
-1585
-2615
820
3107
-1466
-3291
583
2092
-1110
-1525
1877
1420
-2322
-1819
468
53
-1081
-1424
-488
2068
1038
-1147
273
1564
1330
-590
-2914
521
2808
-2597
-3333
2694
3504
-1652
-2321
1939
2492
-2037
-5080
-1206
3323
-937
-5918
109
4161
-995
-4343
-83
1577
68
-2219
-2634
1524
3184
-1345
-1953
3028
3697
-1782
-1046
3641
3033
-841
-1344
1858
3104
-298
-755
2987
2484
197
612
234
577
889
-1099
-2906
-794
626
-1698
-3259
-1839
-1065
-831
-1044
-2402
-2226
-1105
-1833
-3290
-3484
-2251
-4013
-6594
-4190
494
1163
4206
8080
5564
5107
8016
4614
-418
-1087
-1695
-4462
-2953
-3410
-4656
-2010
-980
-44
3080
3495
3117
6209
6624
2466
3019
2516
-1601
-2154
-2657
-4944
-4529
-3395
-3052
-3988
-3704
-864
1782
-622
-3433
-1543
1549
-529
-4687
-5240
-2724
-3181
-5259
411
10947
6641
-2495
5810
15518
6382
-4297
-2862
3664
105
-5288
-8229
-3772
1901
-3255
-5263
2651
5886
984
93
4145
9301
7293
-621
-1699
5164
4273
-6263
-7698
-1172
14
-7536
-8516
-2276
1776
-3380
-4049
2647
3538
-2135
-4344
343
-265
-8567
-9753
-2203
4660
9117
6686
56
6296
16832
6783
-4964
-3385
3793
-122
-10801
-9366
-2840
-1654
-4889
-3909
4114
5192
290
2964
7016
7752
4404
2579
5346
6855
1823
-2864
-4689
-4136
-3633
-4090
-7832
-6323
539
1519
-2938
-5369
1261
3935
-1738
-6894
-3546
714
-7588
-11147
-3597
11111
17417
217
-6720
16404
25636
453
-16475
-1087
7307
-5411
-16973
-10667
2710
973
-10081
-5775
8582
10493
1807
228
10277
11582
3277
-2116
2786
5460
-213
-8316
-2923
5902
-30
-9738
-3212
5093
1858
-5005
-548
1883
-326
-5013
-5621
-640
-1309
-10440
-11745
-3440
-2362
-7264
4325
24856
16462
-6431
8957
28543
10738
-19324
-15229
10840
7455
-20245
-23969
-7041
8347
-5643
-13273
7539
21529
8811
1874
8180
17735
9049
-2005
-6311
2825
4011
-7854
-9433
616
1921
-1638
-4873
1990
8230
4178
-2452
2005
6057
-2046
-9596
-4694
-237
-7531
-14394
-9937
-1022
-2208
-3286
11422
26137
5115
-3279
24701
28425
-2046
-22524
-3903
6253
-9135
-28721
-21091
4346
7731
-13812
-5418
17475
14398
6004
3461
15023
17125
3748
-4938
-201
4105
-5031
-15710
-8532
3215
1636
-5542
-1627
6678
9913
6972
2515
1705
3914
566
-7348
-8426
-5485
-8159
-13832
-10149
-6801
-4976
5
10050
22972
14286
3232
19025
29536
4692
-12236
-9159
4831
-2799
-23611
-20813
-3008
3929
-6582
-8493
7143
17654
8099
6362
11099
15405
11490
811
-3495
3031
1845
-10020
-11599
-1550
2365
-1194
-6587
-3646
9726
11637
-523
-2102
7947
6642
-6410
-8147
-3410
-1975
-13722
-15301
-8123
-1597
-5156
2394
17102
19204
-1818
6576
29469
14081
-11102
-14487
7056
4258
-13547
-25109
-10394
6806
-4756
-15267
1933
13495
7189
1456
6667
14563
13128
3992
-1940
5610
6590
-4999
-6578
600
1905
-4027
-7262
-4321
1919
4350
-2280
-3171
5744
4558
-2992
-3972
485
-3567
-10197
-9306
-6875
-6139
-6808
-2548
5754
18806
3170
-3136
21708
25093
-2607
-13779
3149
12381
-1609
-19414
-17102
1818
4361
-11826
-9724
7476
9788
-723
1188
9874
14611
7433
907
4466
9859
2996
-3244
-813
1396
-4631
-7062
-4853
-2845
-2237
-1684
-1181
1106
1521
387
1417
1729
-2531
-4356
-1589
-3098
-7215
-8875
-9378
-4346
5699
15748
1391
-4342
14768
22398
1586
-6808
822
12384
1873
-11504
-13241
973
2884
-9276
-10855
2067
7278
-3776
-2341
6795
10354
7119
2217
6674
10726
2623
-612
2329
-345
-7639
-6659
-2202
-6254
-5518
-2170
-345
208
-1301
71
4644
2819
-2162
-1493
2767
-1107
-7649
-6758
-1085
-349
-7715
-4774
8598
10509
-1651
-72
9977
11282
2977
-2416
2486
8726
1432
-9354
-2176
4350
-1582
-9132
-4230
2010
2820
-2336
-1667
6247
7325
4384
1710
2520
6203
5534
-1162
-3836
216
952
-5075
-5885
-2202
-1533
-2141
-2694
-178
2109
863
485
2889
1953
-1171
-756
1134
104
-3331
-5618
-1876
2653
-390
-3157
365
5397
4728
468
1021
5550
6158
2284
775
2147
2562
-84
-1801
-865
1691
1348
-837
15
2855
3233
1516
1204
2624
3398
1756
1543
1349
821
981
545
-1442
-1726
-952
-249
-36
-1006
-2239
164
3256
1178
44
1761
2073
653
911
677
38
232
56
-424
-1152
-1814
-973
-207
-1699
-2765
145
560
-1330
-300
1261
-727
-985
188
-878
-1460
-579
-1380
-2108
-651
-457
-1338
-1498
-770
-373
-733
-1280
-584
-132
-1365
-2246
-1125
-1561
-2753
-2593
-991
-352
-546
-1427
335
1508
-1265
-1643
1449
-629
-3275
-871
-1183
-3171
-2397
-1694
-2760
-1402
-1226
-2668
-1698
-1874
-3957
-3673
-2382
-2616
-1550
-1356
-1532
871
1214
-971
-119
2721
831
-199
737
453
1227
1461
-459
-717
1395
-25
-799
-1502
-2568
-3538
-3010
-2530
-3841
-2254
-334
-1625
-2798
-1306
-724
-900
-740
-1176
-1308
-948
-1276
-2569
-982
510
-1624
-3612
-1288
273
-2283
-3313
-1752
804
-226
-3661
-4118
455
1063
-2811
-3314
-112
303
-3099
-3556
-647
1243
-1161
-2722
-166
864
-697
-1549
-775
-72
-711
-2457
-1754
1019
-115
-2519
-334
2222
1879
-2181
-1628
888
2260
182
-2464
-60
876
-1112
-1370
1211
1554
-631
-347
944
1178
965
-1169
-2021
-214
489
-577
-1159
74
-1047
-2066
-1934
-1093
-1640
-3132
-1640
-1058
-530
912
1494
-1150
-3796
-17
1492
-3540
-2871
1389
-1378
-2887
-1515
-1930
-796
-3888
-5134
536
1346
-5284
-6175
-502
-1238
-3246
-2638
1236
733
-639
-4381
-859
3258
1598
-1924
363
1609
-1037
-1380
805
521
-253
-19
1047
1629
748
-1655
-1312
1499
3389
985
-1200
1356
1699
-1112
-734
983
671
-181
77
-157
909
1103
-1541
-1163
1241
2177
-947
-3025
1133
2793
-729
-2101
-855
279
1309
373
-1047
244
478
-1014
-820
1824
1446
-3020
-2412
1462
959
-2243
-997
2405
1033
-1876
-1498
906
594
-1962
-2305
1755
1202
-1314
-1771
1138
2272
-820
-2066
580
2297
-1763
-3423
1106
2931
-943
-4465
-348
2419
910
-2292
-1877
769
1112
-449
-2437
-1663
1857
348
-2854
-1608
1038
695
-866
-1150
657
1360
-986
-1922
66
840
-802
-1015
-821
-645
-165
-20
-947
-1067
575
341
-725
-531
-3
477
-834
-658
784
978
-1314
-1002
2122
876
-2526
-2069
840
1218
-499
-811
-527
764
530
-2669
-1297
2445
936
-2266
-1851
795
1825
-360
-2348
-24
2161
741
-1066
-363
703
121
-1112
-311
1000
472
-1290
-587
1759
1447
-1109
-1452
-516
1472
1214
-898
-46
728
494
-145
-339
-163
-323
-759
433
2195
83
-1337
470
1173
-319
-513
-337
464
319
451
331
-216
-117
-569
6
1126
646
-373
-505
96
1300
820
-1074
-816
1296
1580
-227
-930
-291
291
467
-334
102
1029
909
-733
-30
1462
-284
-1457
889
2450
1030
-1294
-982
1574
1231
-330
-614
160
863
650
-320
-496
946
1140
612
452
-567
625
785
-526
-350
1412
1178
-314
-508
-332
469
324
721
361
-405
-504
129
1033
673
-312
-709
614
438
-363
365
233
113
879
780
-577
-771
1521
585
-835
-61
2051
631
-1176
-942
978
720
-922
144
1114
586
-215
-70
327
447
338
40
130
541
19
87
518
13
217
1142
745
-819
-180
1178
650
-151
-587
-455
868
1396
-46
-628
605
765
37
169
529
857
956
142
-405
-504
-414
819
2052
610
-1524
-104
1187
-925
-1209
1631
2765
361
-575
277
535
301
88
282
1163
683
-336
-468
615
470
-722
79
1098
-94
-1215
970
2531
-25
-1742
-181
1807
516
-1126
-913
1221
1505
-1335
-957
760
1072
-348
-90
1083
444
-138
-314
487
342
-320
-200
347
248
-747
-85
1479
840
-518
10
490
345
477
357
29
725
273
-467
627
482
-445
-565
-18
479
208
619
-53
-1048
-121
1683
1425
-1156
-1499
686
1538
764
-1348
-1632
692
2253
833
-974
-740
752
170
-711
90
1692
626
-1896
-866
2569
2112
-1630
-2133
1069
2315
425
-1979
-418
2138
1795
-1016
-638
1079
767
-85
-343
360
573
379
-502
-22
706
-486
-646
956
743
-227
-755
-275
1036
508
-293
435
1627
506
-222
-90
270
379
-317
-227
184
407
475
414
-91
-1111
-383
1604
1320
-1004
-692
1296
1038
-604
-391
1355
652
-1268
-494
1148
1361
-773
-1057
750
1923
431
-539
-363
758
903
-24
-625
579
1380
69
-459
662
807
145
265
374
672
762
516
442
510
449
169
628
444
-397
-37
729
33
-419
814
990
510
74
471
1072
-132
28
756
888
47
-62
435
345
99
-124
488
1063
391
-242
169
691
487
-68
305
1053
556
-258
-149
149
420
831
757
-127
-728
257
1449
969
-342
-518
1244
1010
-482
-288
945
465
-554
-157
684
575
-718
-542
1541
1257
-550
-784
1136
1394
221
-418
164
340
180
35
-97
23
132
430
520
109
-114
498
580
-92
-182
393
915
167
-529
-77
663
166
-467
-56
466
670
-132
-460
37
670
424
-248
204
450
-222
-493
411
531
-235
-334
480
371
-126
-216
-134
89
565
504
-1
67
251
83
236
190
-273
-212
405
323
-50
18
202
34
-119
390
458
150
-130
329
145
89
242
196
154
-37
205
236
-194
-255
137
392
161
203
89
-84
136
279
-60
-106
-64
-178
274
582
-147
-644
170
717
220
-594
-47
649
378
-33
-256
220
36
-244
-91
-45
-87
-49
54
-103
-75
55
32
96
154
102
54
-19
-6
-18
-117
-183
-364
-442
-134
76
190
156
-128
-395
57
365
-140
-344
-160
-216
-369
-323
-197
-311
-345
-188
70
104
73
-70
-357
-12
219
-244
-428
-36
-87
-596
-528
-97
183
-174
-591
-423
-66
-20
-230
-116
-13
18
-67
-93
-116
-223
-399
-186
-101
-388
-350
-247
-278
-135
-213
-283
-89
-11
-176
-240
-64
-87
-367
-176
-349
-506
-478
-296
-36
-209
-178
-93
-67
-44
20
-77
-272
-194
19
-296
-675
-318
-364
-490
-223
-189
-220
-77
158
-126
-240
2
96
-104
-391
-429
-256
-162
-420
-317
-160
-303
-381
-216
-22
-100
-218
-68
-87
-282
-204
-39
-233
-468
-311
-111
-241
-311
-290
-154
-137
-250
-236
-144
37
-93
-448
-397
-74
-116
-383
-486
-329
-301
-327
-257
-278
-336
-70
121
-52
-272
-187
-213
-236
-215
-196
-284
-397
-499
-379
-136
-170
-390
-362
-232
-209
-359
-301
-141
-205
-459
-356
-262
-347
-321
-251
-101
-198
-286
-238
-136
-123
-207
-240
-290
-281
-388
-431
-392
-283
-326
-392
-308
-275
-245
-254
-246
-224
-230
-248
-243
-177
-259
-336
-286
-223
-346
-363
-250
-264
-356
-392
-293
-280
-316
-327
-337
-328
-385
-392
-386
-305
-338
-328
-210
-258
-301
-288
-179
-222
-288
-179
-193
-285
-321
-244
-254
-354
-367
-283
-184
-250
-383
-260
-82
-105
-212
-309
-186
-138
-299
-363
-187
-69
-176
-273
-221
-205
-278
-291
-158
-106
-317
-402
-220
-150
-257
-354
-231
-118
-132
-145
-133
-166
-256
-268
-191
-261
-288
-165
-42
-155
-287
-199
-53
-150
-273
-225
-123
-136
-245
-202
-136
-172
-227
-177
-59
-11
-54
-146
-86
-31
-81
-90
-131
-64
-55
-112
-194
-227
-117
-131
-170
-206
-195
-165
-174
-150
-68
-13
-23
-32
-73
-110
-104
-147
-174
-139
-135
-123
-113
-151
-116
-94
-90
-80
-77
-74
-76
-83
-117
-132
-82
-21
-45
-82
-76
-33
-17
8
21
17
-32
-38
18
-4
-65
-89
-22
23
-67
-176
-133
-13
3
-70
-83
1
78
88
6
39
109
46
22
0
6
-87
-126
-17
56
17
-19
36
126
138
39
0
84
95
45
36
126
90
-9
-22
38
49
19
101
134
84
39
63
85
79
48
53
78
10
20
102
91
1
13
112
99
39
94
144
189
197
175
169
88
11
21
103
136
46
10
65
155
143
154
204
195
138
116
177
136
114
202
238
227
217
208
184
177
158
201
228
193
134
110
177
240
183
161
235
225
107
59
191
314
233
131
223
307
230
200
336
629
1260
2074
432
-3088
-1579
1623
1208
74
-269
43
895
1153
-20
-233
349
525
365
220
617
257
-728
-331
992
816
-305
-450
477
357
-190
-289
344
919
1142
530
284
507
-513
-949
508
1866
2042
600
-1922
-1579
606
322
64
1237
1876
130
-573
919
1501
-86
-1578
-1384
203
-10
-980
-452
669
1397
1529
688
-78
419
1233
686
-408
-553
109
-251
-1236
-44
1077
349
-48
553
662
1159
707
789
1311
563
66
699
453
-667
-1468
-157
19
-141
4
666
1267
939
641
1998
2192
-452
-2342
62
-874
-2862
-2088
-915
-276
-858
-1386
56
1414
1590
2070
2506
1579
1699
2684
1227
-519
-285
-72
-266
-794
-2236
-2430
214
592
-1125
-189
1231
973
1207
1420
1226
1402
1242
223
355
715
-270
-932
151
6
-656
185
732
235
325
736
363
295
603
98
-378
-70
-126
-279
-510
-1141
-1593
-1347
-2467
-3909
-3327
-2094
-973
1212
5896
1209
-616
6579
9520
1497
-1738
-758
1916
1106
-4050
-7398
-1919
1764
-2923
-4748
-874
2648
1276
30
408
3500
5578
1420
-1347
2175
3547
-195
-2711
-2254
-176
-1310
-3027
-3963
-839
1239
105
-1612
-51
3073
3488
842
-188
1997
3417
1093
-2967
-3520
1009
1617
-4471
-5281
1349
4023
-1650
-3859
828
3871
-3
-2519
-232
2677
787
-2305
-2720
-74
956
-2479
-3851
-1773
117
-913
-601
1387
3194
2021
1382
2352
2880
1438
-696
-980
-206
-909
-2401
-2595
-1362
-561
-416
-19
1304
3243
2985
404
747
2932
2080
-1793
-3453
-937
-480
-3389
-4523
-2806
-621
-2041
-3332
-2629
-2416
-4550
-5402
-1529
5666
10568
2545
-5005
9703
16009
2632
-9528
-1632
5546
-980
-9285
-12520
-1734
2572
-6564
-7750
1958
8484
2552
-683
4219
6893
6083
-547
-1438
4235
3499
-3867
-4847
-2173
-1363
-3572
-5580
-2537
1337
1840
-1362
716
4118
3661
1583
1961
2304
1992
572
-719
454
-185
-2707
-2364
-179
-1031
-2322
-1149
771
1029
326
113
1083
2670
2031
-103
-387
904
201
-1719
-1977
-1274
-1061
-2031
-2207
-1086
-67
-464
-1547
-1111
-449
1115
3888
3510
418
1664
5822
4162
-1373
-2109
1239
631
-3243
-4752
-2465
444
-1446
-3163
-352
3050
1678
432
3078
5482
3297
1877
3684
2981
-218
-2505
-427
-805
-3897
-5143
-2497
-780
-1716
-3136
-1329
1252
222
-1339
81
1888
-224
-3916
-3413
1619
7646
3594
-5983
543
11222
4044
-7703
-6124
3925
2620
-3312
-8705
-1842
4398
-1275
-6431
-404
6890
1988
-2469
-38
5118
4449
-1030
-3239
2788
3598
-3032
-3923
129
865
-2483
-4308
-1541
1981
609
-2300
-410
3369
1860
-427
819
1953
1610
-575
-1995
329
1890
-98
-2422
-861
2831
315
-4717
-1369
2891
124
-4405
-1362
2512
2009
-2108
-2661
1868
2476
-2505
-4513
966
1702
-2985
-3593
281
1790
-1412
-4321
-919
2283
-626
-3272
1881
4090
-597
11
3885
4388
271
-1389
120
1492
-586
-4744
-3084
438
-934
-3012
-1122
1282
970
118
-140
1972
3392
2101
1867
2933
3127
1894
-509
-2226
-41
-1461
-4818
-4361
-1452
-1830
-2860
-2548
-1128
679
-24
-663
1471
-1085
-6238
-4029
1998
-2054
155
8861
556
-4837
9871
7769
-5608
-3871
4025
2590
-1325
-7257
-6179
2646
1460
-8248
-1722
4210
975
-1966
708
3139
3875
1867
-2393
1481
3997
-1035
-3043
0
553
-1963
-3335
-2920
-274
756
-2679
-1307
2435
1932
560
975
2109
1766
205
-647
644
878
-1042
-1300
812
-40
-1847
-205
2568
678
-2414
-2829
2085
2754
-2725
-3461
1226
4269
-1819
-4250
906
4254
-1225
-4908
-221
2822
-1052
-3568
-2196
1546
37
-3165
-1919
1483
-804
-2882
520
3722
1644
510
2227
3788
2368
-472
-850
867
555
-3137
-3640
-1353
-938
-2828
-2485
-300
1120
346
-357
1989
4174
2186
379
2491
5615
3537
-2133
-2943
2213
1544
-5152
-6043
-1991
218
-1790
-3615
-848
1668
-619
-2697
-807
910
-2525
-5727
-4481
433
6460
4029
-4074
-839
9947
8512
-3235
-1656
2650
6565
633
-6917
-3976
2264
-167
-6797
-4123
1550
814
-2534
-1926
1948
4464
347
-1313
2209
3581
672
-1974
-257
1304
-116
-2956
-3334
-242
-657
-2547
-2204
-19
265
-509
-275
791
1373
492
-309
1293
2785
1039
-134
1358
1552
-1092
-2226
178
-134
-2122
-2896
-784
636
-1688
-2624
-68
962
-1223
-2075
-268
905
-587
-1945
-712
89
-930
-2122
-1001
-565
-1757
-956
1229
917
-1071
1253
4064
1418
-2361
1161
3448
-294
-3816
-614
632
-1258
-2288
-1352
-1068
-294
409
-1083
-889
1755
2889
2546
2234
814
1588
3230
31
-3171
-1093
797
-2295
-4373
-1727
-1384
-2320
-3740
-2449
-807
-1873
-3619
-2446
-1807
-3553
-4256
-1057
5805
4825
-3198
37
12784
7573
-3481
-2046
4480
5666
-1884
-6786
-2329
3344
-339
-7705
-4764
1476
666
-3017
-2348
1912
3572
1056
-2146
1596
5118
1916
-993
141
1858
922
-1634
-2664
-479
941
-866
-2978
-990
301
-402
-1041
-459
422
582
146
14
615
943
247
-24
551
774
298
114
394
139
-370
-302
-363
-531
-276
-45
-592
-666
82
181
-271
-517
-144
332
271
-234
-166
142
310
-47
-1
209
171
-211
-364
-41
-83
-350
-247
226
702
24
-247
328
1000
367
-208
314
926
680
158
90
151
431
482
159
-51
216
389
483
225
-88
122
467
329
-218
5
345
406
126
-27
204
330
139
-103
117
145
15
-8
13
-123
72
463
1304
463
-741
60
788
-404
-564
455
323
924
2128
-275
-2679
132
2022
-1070
-1485
405
62
-250
602
344
578
1217
247
423
1224
496
364
965
1074
776
866
948
1769
1878
386
173
367
-514
-354
-209
-1136
-53
383
-809
-8
428
-234
126
673
375
104
-307
-381
-313
-744
-688
-637
-591
-128
303
247
-110
584
1280
828
746
969
1173
1604
1212
651
874
1214
1030
862
607
190
358
307
169
-41
-155
87
181
-134
-176
322
390
-41
15
372
326
368
406
648
995
578
410
869
1177
672
604
788
732
477
246
288
326
153
122
380
346
189
274
456
386
63
109
572
141
85
340
202
160
46
80
553
621
-57
33
608
385
181
365
-27
-78
616
517
65
476
699
631
815
759
606
1115
1183
628
851
1191
883
715
664
526
736
698
316
367
598
472
281
178
147
462
252
-169
-1
254
208
-2
-193
-90
-59
-317
-4
-214
-559
-421
-884
-453
388
748
-456
665
1684
1022
902
793
892
1525
1607
786
677
1373
921
510
584
652
591
199
-158
-112
267
12
-126
168
206
33
127
270
244
267
160
296
419
403
330
343
476
388
340
472
738
852
470
317
919
837
315
655
839
334
130
561
393
-66
118
-50
-101
130
4
-341
-110
184
-7
-180
-86
57
-178
-147
-4
22
140
-140
-254
198
259
91
244
382
256
294
397
303
275
249
272
595
549
86
517
797
440
486
528
337
510
353
38
332
370
-82
-21
371
218
-13
113
75
248
342
142
272
437
157
271
374
154
126
-4
66
87
-206
-248
-286
-738
-307
-251
-1016
-907
-211
-844
-762
358
198
-238
424
544
872
773
502
256
1077
968
272
362
608
534
466
282
2
155
109
-270
-321
-275
-65
-103
-416
-458
-113
-159
-285
-171
2
-29
-1
181
204
97
39
305
343
30
324
438
125
83
274
32
1
29
-101
-31
292
894
-339
-867
1536
2566
381
665
2472
360
-1628
-1370
-1604
-538
-732
-2671
-864
1248
-172
-946
696
483
-487
746
-375
-811
116
-485
-1470
-13
569
-312
489
344
476
1799
1271
-171
411
1292
-150
44
220
-581
-436
-39
-640
-749
-252
-523
-441
-218
-286
-102
178
127
821
2313
393
135
2716
1686
-1749
-377
1701
-189
-1906
-970
-686
-944
-1647
-1860
-502
-326
-2409
-2125
-318
-1491
-2983
-2013
-1837
-395
2515
437
-2209
2944
6627
1940
-1103
2771
4280
1993
-916
-1294
1110
798
-3462
-2854
1020
-489
-3691
-3276
126
583
-1495
-1873
531
2092
104
-1187
925
2345
1054
-588
51
1409
528
-914
-720
513
33
-1278
-1454
-333
103
-1354
-1548
-315
165
-563
-431
892
716
236
964
1891
1771
129
-574
918
1112
-1180
-2116
-696
-438
-1611
-2250
-1668
-787
-1588
-1733
-541
-61
-206
-868
-508
39
-856
-2179
-1651
111
814
-252
-1222
1070
3255
1835
-489
1072
2492
1201
-911
-627
664
-39
-1531
-1725
-138
75
-2059
-1775
32
266
-800
-994
239
719
-9
-406
435
982
286
-347
228
750
138
-602
293
1376
357
-40
1524
32
-1714
867
524
-1661
-1377
-86
148
-1344
-2314
-727
339
-1407
-1641
279
537
-1105
-1318
-736
-560
-2002
-2972
-2091
312
1342
-1469
-2603
2550
4759
72
-536
1124
3640
1353
-1556
-422
1982
421
-2703
-1457
433
-597
-2158
-1874
450
138
-1850
-1592
520
236
-1055
-352
714
908
-325
-165
563
695
-146
-255
242
152
-94
279
347
-84
533
779
-192
-324
-204
124
-572
-1205
-794
-421
-897
-1328
-823
-755
-1063
-1119
-762
-253
-185
-863
-1496
-1085
-862
-1882
-2901
-914
2210
132
-2514
1265
4787
1585
-1324
566
3658
1580
-1822
-450
1628
494
-2598
-1352
538
-492
-2677
-2393
447
69
-2335
-1399
589
331
-1311
-672
686
862
-580
-386
847
687
-624
-448
673
528
131
-470
296
1788
722
-1800
-770
2041
-605
-3009
-1448
540
-234
-2346
-1494
313
-860
-2352
-994
593
-473
-1831
-1303
139
-831
-2770
-3028
-916
504
762
-1819
-789
3271
2718
-804
-347
2562
2940
536
-1025
963
1737
-844
-1874
-313
539
-1785
-2721
-733
558
-1084
-2150
-404
769
-297
-879
2
1123
687
-240
361
1346
684
-399
37
964
604
57
156
246
657
731
-289
147
544
-539
-394
268
-573
-901
-802
-531
-449
-822
-1026
-595
-539
-692
-183
157
-768
-1695
-1094
-985
-2477
-1411
1499
1084
-2318
-31
4542
2717
-50
453
3655
3240
-918
-1471
2051
1594
-2148
-1645
642
227
-1663
-2693
118
1252
-1840
-2255
391
1421
-140
-992
815
1988
496
-474
1113
1752
782
-451
350
1078
416
-185
581
680
-134
413
1109
476
-757
-229
1533
-109
-1601
-243
638
-483
-1502
-575
266
-719
-1911
-790
229
-963
-1443
-715
477
-3
-1314
-81
1681
508
-984
374
2313
1022
-620
446
2580
1160
-647
-413
1507
733
-909
-696
662
486
-1276
-1042
450
256
-977
-1137
465
678
-292
-468
653
798
136
16
563
861
228
146
668
1008
700
1429
733
-443
999
805
-782
-995
-413
115
-686
-1414
-752
-392
-1158
-1655
-660
-528
-1129
-1238
-343
498
-925
-1507
-274
-114
-842
-180
421
312
809
719
1294
1517
497
642
1569
728
-476
4
149
-248
-849
-958
-461
-551
-1126
-903
-291
-373
-596
-528
150
240
-6
217
693
754
249
317
625
569
110
49
217
64
-167
-125
449
367
-753
368
1679
-613
-925
1063
289
-414
-627
731
555
-1207
-1441
479
-295
-2407
-1555
-264
-498
-1990
-1408
179
-34
-1004
-1532
-731
288
420
-421
-312
1180
1393
811
1339
1179
1034
902
782
891
195
-438
-356
17
-459
-1137
-866
-620
-546
-614
-675
-395
-38
8
-202
296
500
316
372
831
770
265
333
394
338
-19
-157
-115
459
1199
-94
434
1235
-950
-14
1406
-1434
-1812
-95
-407
-1259
-1517
-814
-601
-1183
-1711
-590
-154
-1081
-721
-393
104
-710
-601
692
868
-574
-380
1912
976
-444
-186
1456
1243
-503
-737
329
911
-1028
-770
403
190
-1168
-1344
418
184
-882
-1076
511
724
-634
-458
663
808
-119
1
548
647
-167
-495
201
291
-284
-806
214
1816
750
-220
1013
533
-195
467
-1097
-1310
-340
-516
-1637
-1492
-1095
-1455
-1346
-1644
-1011
-271
-370
-641
-1052
-530
-734
-1659
-467
1295
122
-944
802
1975
1762
404
228
1349
1785
63
-1110
382
188
-1045
-1205
-477
-345
-1186
-1514
-818
177
-485
-845
-79
418
508
97
470
946
885
268
350
1022
389
-351
-53
399
-176
-549
199
1293
274
-918
1485
2515
-296
-1430
974
1910
-1214
-2460
186
529
-1656
-2508
-184
128
-1860
-1602
510
794
-1530
-1842
-422
-680
-2322
-1256
1654
1239
-651
379
3814
3357
-385
1124
3411
2165
-481
-824
1361
509
-1298
-2001
-81
177
-1465
-2104
30
882
-925
-691
801
1771
538
58
1369
2250
1129
110
772
1373
607
-686
-158
963
-348
-1229
213
1959
786
-1560
1251
3897
118
-2398
1719
3379
-1150
-2975
899
1402
-1800
-3046
-400
630
-1555
-2407
-83
1478
-510
-1801
311
595
-1729
-1417
1139
109
-827
1729
1386
450
1870
2128
486
1125
1319
86
-394
42
-355
-715
-387
-1282
-922
-156
-653
-1105
-36
692
30
150
478
776
686
440
663
731
300
20
377
-225
-636
-263
-195
-626
215
2019
1245
-1336
381
1942
522
-1802
-1490
498
240
-1872
-2156
-349
-115
-2461
-2149
-161
-419
-1592
-1379
-21
860
380
-1222
270
2404
-720
-1966
1436
2808
-101
-1235
482
2043
1759
-1081
-1459
945
1257
-1867
-1452
1194
164
-2021
-1169
638
404
-235
-817
64
865
429
-498
103
1088
426
-657
71
733
-108
-655
-158
-68
-314
-537
-333
592
2579
-545
-960
3954
3285
-3411
-2520
3153
944
-5083
-2652
1031
-977
-2802
-2249
267
-190
-2268
-2646
446
861
-1785
-68
2117
129
-645
1467
615
-1192
1859
2274
-1128
-671
3071
555
-2647
-569
1321
-396
-1957
-537
-795
-92
-305
-1275
-747
1015
781
-1565
-4
1416
642
-1000
66
1036
155
-325
-470
192
72
-694
-1191
-377
170
-924
-1069
-142
459
-307
190
1547
4457
-1779
-6236
4300
8606
-5751
-7662
4498
2919
-7130
-3215
2717
-518
-3459
-2568
-137
599
-70
-3113
-2560
1969
1361
-3620
-272
5207
1524
-3163
2316
4525
-162
-3205
669
2178
-1024
-2270
-1136
-793
-1105
-1389
-1647
-474
592
-378
-1259
503
1676
610
28
556
1357
921
524
1125
1672
578
-733
1206
1464
-1117
-2834
-23
355
-2737
-2322
-432
-775
-2960
-2108
-1334
-1568
-2207
-3177
-3353
-2873
-1562
377
4250
4803
-732
4
8710
9896
-4127
-6038
6122
7701
-5221
-6958
938
2373
-4153
-5339
-2104
837
-54
-2485
-1749
1599
4642
1875
-2654
389
4263
1747
-1455
-1040
1606
576
-1609
-1325
-1067
-833
-194
-776
-1657
-536
1066
427
-543
-15
1106
961
299
419
310
12
464
382
-589
-457
384
493
-999
-1212
146
322
-479
-624
38
398
289
-208
-298
113
486
282
98
-70
185
508
214
-284
-80
104
-64
395
-160
-682
338
774
-418
-258
178
310
-291
-400
296
929
518
-602
-1403
782
1718
-838
-1868
943
2077
360
-1201
-349
425
659
872
-486
-1367
75
1433
200
-921
-485
707
227
-209
-77
-437
-109
388
117
-458
-384
228
310
-362
-452
288
189
-82
329
552
76
137
642
574
266
322
475
337
211
325
222
2
87
374
183
-130
80
425
194
-100
245
291
-172
-233
272
68
-116
164
215
-108
102
216
43
74
159
81
151
130
-46
-23
214
245
160
290
408
387
251
446
628
510
187
141
604
543
151
100
423
465
120
-18
192
306
203
109
137
215
380
273
97
357
530
246
360
602
318
51
364
490
145
99
225
187
84
178
321
243
173
237
218
235
283
269
230
266
431
501
307
177
532
583
166
334
691
368
74
341
375
218
361
231
-29
144
301
43
146
303
103
181
251
-72
159
538
181
-328
284
695
-126
-17
281
10
256
330
-10
51
556
488
-67
306
782
-143
-11
830
283
-214
419
665
-7
264
675
153
-51
504
578
-170
-71
924
-3
-604
600
1080
-231
-407
714
569
172
52
-57
42
494
412
-260
192
932
37
-323
881
721
-881
1039
1813
-1238
-823
2579
292
-1786
104
1821
-364
-648
126
1299
660
-1474
514
2838
-597
-1969
1773
1270
-1017
229
607
-423
513
797
-1010
163
1655
-867
-524
1661
-895
-552
1633
213
-1078
1034
1886
1628
925
-2274
-2731
2674
1938
-2749
-2141
2840
3509
-751
-2411
1111
2483
405
-729
301
613
-807
1517
1829
-1295
-1710
936
1279
343
59
-715
-12
1054
1248
15
-786
233
630
990
662
-830
-1043
1479
1136
-1049
-197
577
-126
87
1445
-494
-752
1360
1644
-1196
-818
1586
25
-827
1497
1809
-1315
-900
990
1333
-228
-512
262
2374
2090
-234
-1795
761
1104
-1707
-1329
-299
-611
809
35
-199
867
1061
180
660
1388
-69
-1039
548
1187
-947
-1231
576
342
-1150
-180
701
221
-215
447
1288
522
25
839
948
53
-67
1137
977
-42
-439
162
928
630
-365
-497
-617
-70
427
-25
-1094
-949
243
83
-645
-513
-633
-742
153
513
-472
-1399
-558
1084
3196
1776
-548
388
2376
2118
476
-1016
-1210
-329
472
327
-865
-1666
-938
784
1018
-48
-630
-102
378
1106
1503
420
-308
89
1172
1027
365
-236
-127
-226
-316
-234
-160
-364
-425
-369
-624
-486
61
284
-328
-739
-67
1290
2648
1061
-2138
-1681
1228
850
-2242
-1827
-1449
-1106
-794
-510
-768
-1941
-1302
56
232
712
2606
3897
1785
-771
946
2507
519
-1805
-869
-1153
-1927
-2161
-669
-863
-1391
-911
400
928
448
884
1281
440
768
2061
2589
1147
-211
-1092
-932
-787
-1449
-1569
-1241
-744
-292
-538
-464
148
-98
-1218
-1378
-650
-1047
-1648
-2195
-1897
-1445
-1527
-1601
-717
1087
4444
3072
163
541
2258
1322
-666
-408
-642
-1708
-2290
-1762
-1282
-1718
-1586
-22
617
35
563
1043
1188
1056
1176
848
-246
-682
-285
-645
-1192
-1291
-1020
-1266
-1340
-728
-153
-79
261
569
401
146
377
671
480
-41
-563
-767
-706
-538
-589
-727
-685
-494
27
1147
3550
3893
-167
-2934
-2431
-1059
-644
490
833
-1978
-3868
-2151
-1839
-2123
-1349
-176
-815
-1009
-481
-641
-1077
-415
186
514
1807
2688
1246
-500
-266
373
-209
-737
-897
-1625
-2022
-1181
-196
-328
-688
-579
117
388
634
857
381
-174
49
389
-42
-547
-615
-799
-1079
-824
-315
-383
-567
-399
-246
-15
448
1126
2121
3048
1965
-220
-532
-816
-1590
-887
605
23
-1916
-2174
-1471
-2537
-2731
-792
-18
-252
-39
-233
-1114
-1274
-838
-441
-561
205
1100
1220
892
991
539
-201
-499
-770
-852
-479
-3
-187
-692
-760
-699
-531
30
552
484
176
232
79
-244
-286
59
290
-89
-242
-104
-230
-344
38
191
53
179
217
-25
6
321
952
2128
2608
1297
64
-416
-1727
-2608
-2128
-1109
-712
-352
-24
-521
-1516
-1384
-1024
-915
-816
-906
-1646
-2939
-2411
-8
4458
5066
4513
4010
2638
-271
-1405
-1062
-126
-410
364
-339
-1405
-1987
-1459
-338
681
1608
1728
743
81
-279
-388
-289
344
262
-260
-464
-895
-1624
-1525
-711
-602
-701
-249
162
-211
-415
-231
-399
-654
-516
-474
-895
-1400
-1332
-1148
-1316
-1265
-848
-792
-1047
-1093
-883
-845
-742
-711
-854
-932
-955
-891
-598
-51
322
798
614
-227
-1310
-874
-212
148
1133
1530
1170
842
743
-71
-837
-539
456
588
228
-538
-1035
-1125
-714
-341
-273
35
315
162
-161
-287
-325
-359
-139
4
-22
333
1098
1864
1566
2018
1607
487
-955
-1149
-1325
-1485
-466
461
101
-227
-525
-615
-861
-638
-26
220
146
-58
3
-165
-216
-78
-36
309
447
68
-391
-575
-407
-458
-412
135
209
5
-56
112
61
199
409
447
134
8
-30
-133
-164
36
114
232
469
689
717
378
-131
-607
-668
-612
-153
31
199
352
398
188
-386
-632
-558
-626
-687
-631
-274
-136
-430
-697
-594
-625
-940
-898
-324
251
28
-584
-830
-607
-675
-736
-568
-211
-165
-375
-796
-1188
-1035
-526
86
332
555
215
-93
-149
4
327
621
735
838
807
492
198
84
466
721
859
1153
1420
1317
907
515
566
520
646
1067
1572
1640
962
691
773
996
1336
1644
1700
1343
1112
902
328
82
305
917
1328
1402
926
371
-2
-342
-281
224
428
244
188
137
183
309
654
1163
1095
540
18
222
530
138
-423
-200
412
658
136
-340
-771
-939
-582
-628
-754
-640
-327
52
205
343
385
194
-327
-1447
-1927
-1491
-829
-469
-141
555
826
415
-107
-583
-644
-139
473
1213
1312
1402
1156
634
566
627
1132
1608
1916
1972
1921
1690
1059
788
1034
1257
1325
894
614
257
119
77
115
428
807
552
229
-150
-507
-276
271
644
304
-4
-60
-213
110
489
846
800
506
161
-348
-8
176
568
823
406
238
-221
-282
-2
-53
85
43
388
-29
-421
38
99
-181
-946
-618
-121
-211
364
737
941
1002
610
151
-157
11
62
293
924
1195
949
576
236
-442
-352
-106
117
593
654
374
-85
-146
-202
-253
-22
188
-3
-524
-747
-543
-604
-99
649
748
477
-427
-1028
-919
-621
-169
77
450
654
223
-169
-118
-256
-719
-658
-266
91
45
3
-111
-77
17
-68
-94
-24
170
144
26
-168
-194
114
408
599
286
160
274
308
277
477
607
489
166
-343
-683
-622
-5
406
629
697
389
109
-248
-386
-176
245
525
372
418
544
582
340
120
-23
3
311
521
635
532
626
941
983
716
195
-178
-110
74
242
293
155
29
67
33
64
264
290
313
249
191
386
308
-47
-200
31
241
279
176
-108
-70
-36
-193
-278
-304
-327
-348
-55
-13
-280
-177
-20
123
149
-111
-424
-298
47
-91
-133
-19
84
241
269
87
-31
-10
9
-8
235
338
244
272
194
312
248
72
190
297
394
128
166
479
269
307
341
310
338
208
185
121
140
157
205
191
230
194
29
-41
23
4
164
271
135
47
-1
42
-104
-397
-355
-393
-220
0
-85
-215
-333
-269
24
150
-41
-144
-50
-250
-485
-391
-419
-341
-81
161
318
233
-158
-326
-173
-404
-446
-255
197
258
90
-63
-201
-159
-350
-523
-492
-234
218
279
223
70
24
-102
-64
-306
-275
-360
-334
-264
-328
-270
-358
-374
-417
-351
-170
-92
-447
-498
-267
-393
-660
-833
-613
-413
-231
-254
-275
-178
-55
-136
-297
-276
-452
-665
-522
-287
-256
-113
69
46
-61
-354
-480
-518
-484
-327
-242
-60
10
-97
-390
-348
-310
-276
8
-259
-501
-344
-201
-331
-261
-197
-178
-126
-304
-659
-710
-572
-530
-263
-90
-247
-332
-202
-225
-332
-351
-368
-579
-607
-425
-638
-838
-708
-353
-404
-542
-500
-309
-206
-363
-335
-517
-730
-758
-471
-280
-383
-352
-267
-241
-454
-769
-643
-298
211
279
-29
-421
-370
-232
-611
-662
-245
260
328
144
88
-65
-296
-590
-552
-170
-17
29
71
185
-57
-277
-420
-446
-376
-226
-129
-146
-130
-87
-74
-110
-275
-535
-638
-418
-160
-57
37
180
310
-45
-504
-812
-756
-603
-372
-78
36
209
178
-137
-600
-784
-728
-575
-252
-126
-12
22
-135
-335
-570
-601
-686
-399
-132
-98
-129
14
-64
-419
-674
-536
-326
-212
-178
-84
-227
-253
-371
-350
-331
-171
-21
-2
-125
-368
-541
-572
-257
-47
67
170
13
-245
-487
-393
-308
-230
-112
82
160
90
-104
-495
-551
-398
-260
-134
57
160
66
-77
-259
-377
-484
-308
-190
47
78
-7
-33
-103
-210
-503
-545
-583
-410
-190
-162
-32
-55
95
-81
-341
-583
-489
-289
-211
-141
-205
-186
-169
-153
-139
-47
-83
-226
-323
-375
-294
-251
-212
-224
-81
16
-72
-185
-171
-79
-139
-172
-202
-84
-36
-79
-171
-183
-216
-226
-90
164
198
-22
-50
-232
-302
-323
-265
-142
-190
-29
-8
-27
-79
-192
-178
-298
-217
-349
-437
-453
-351
-152
-124
-150
-220
-199
-257
-380
-493
-479
-440
-380
-215
-145
-38
-96
-291
-421
-491
-384
-287
-127
23
-35
-195
-259
-240
-223
-142
-69
-56
-140
-261
-342
-269
-177
-44
-27
-11
-54
-200
-297
-385
-369
-326
-180
-44
-27
54
68
-78
-371
-665
-703
-600
-253
70
196
234
61
-223
-568
-614
-235
224
408
240
189
51
-75
-113
-10
84
169
195
218
24
-106
-83
67
125
37
-11
-84
-123
-183
-150
-180
-243
-186
-74
137
52
-26
-144
-165
-68
-156
-140
-183
-196
-184
-173
-223
-178
-71
-57
-44
-104
17
163
144
-16
-166
-185
-237
-156
-170
-104
29
81
65
79
171
159
38
-108
-205
-257
-144
17
124
143
195
82
9
-57
-141
-20
126
223
135
-11
-108
-56
57
71
32
-4
-81
-51
31
-24
-54
-27
96
256
235
177
125
141
39
-160
-188
-6
159
223
165
42
90
104
38
2
167
332
353
256
61
35
105
169
188
276
422
325
165
58
116
168
314
372
424
376
303
237
321
398
328
283
242
264
270
239
277
353
496
554
502
421
407
315
158
179
433
536
505
362
336
406
470
489
541
493
420
274
177
229
342
474
562
643
600
427
309
245
303
355
403
417
378
318
197
149
192
338
435
487
535
492
426
245
167
190
254
312
400
384
370
304
195
209
301
410
396
330
318
329
359
314
257
235
254
322
422
435
351
252
291
231
88
69
192
403
488
514
396
246
188
205
221
148
161
245
322
332
269
162
119
265
480
565
383
265
115
-21
-4
174
434
537
506
363
233
115
-35
23
254
474
446
368
298
277
258
241
289
332
424
460
405
255
191
249
372
388
374
440
404
371
301
310
351
344
363
332
404
434
389
332
310
304
273
235
200
268
418
354
296
279
327
341
354
318
241
231
222
214
221
267
285
301
367
358
284
234
261
285
263
189
239
375
356
268
155
53
40
76
241
359
380
361
309
163
66
49
195
371
394
330
233
181
229
272
338
374
407
377
295
284
314
305
297
349
303
285
258
243
311
361
388
412
405
331
181
74
171
366
340
317
253
117
65
211
387
364
300
242
47
125
195
174
271
502
408
35
-220
-82
128
473
427
385
347
174
-46
-74
265
496
454
340
306
212
184
210
328
349
213
196
277
320
307
343
398
368
305
182
22
129
265
353
272
199
107
167
222
252
334
367
257
155
89
-20
53
252
280
202
225
204
68
51
164
266
200
91
77
90
54
-1
9
109
122
13
-60
-21
39
28
-2
25
66
44
11
-45
-112
-67
-26
26
45
-23
-123
-110
-26
-15
-5
4
28
50
31
-62
-182
-166
-5
59
-38
-55
-71
-28
11
47
14
-16
29
21
14
60
42
-30
0
27
-63
-51
26
36
81
105
83
37
43
27
-29
-22
52
62
35
-6
-43
-49
19
64
105
157
96
55
77
96
15
-18
112
235
187
55
72
88
45
58
46
101
171
180
156
59
20
32
87
137
74
-49
-101
12
85
98
38
27
77
32
24
46
52
58
63
48
35
-28
-128
-115
-31
24
-26
-35
-43
-65
-98
-80
-42
34
23
-47
-2
22
-60
-137
-67
-4
-28
-95
-122
-48
42
78
89
59
-4
-94
-106
-29
-19
-82
-205
-222
-141
-9
-26
-107
-64
-51
-111
-166
-136
-73
-32
-10
-43
-74
-90
-105
-127
-106
-103
-120
-117
-115
-103
-88
-57
-61
-82
-85
-123
-138
-88
-121
-214
-253
-217
-118
-52
-88
-165
-155
-146
-154
-161
-180
-248
-330
-297
-287
-350
-342
-275
-212
-236
-288
-376
-412
-313
-300
-360
-393
-383
-392
-400
-348
-381
-412
-417
-382
-314
-284
-311
-385
-315
-252
-244
-237
-231
-200
-227
-202
-152
-158
-189
-162
-197
-265
-255
-155
-142
-178
-189
-159
-114
-155
-177
-144
-187
-225
-301
-334
-224
-238
-304
-268
-213
-203
-248
-240
-233
-279
-310
-272
-216
-209
-270
-311
-214
-122
-182
-303
-351
-278
-186
-150
-205
-235
-208
-167
-130
-97
-103
-153
-147
-190
-152
-76
-87
-197
-299
-233
-52
78
8
-99
-118
-135
-54
-11
-50
-159
-202
-136
-76
-65
-155
-215
-160
-110
-83
-75
-97
-130
-161
-145
-89
-82
-115
-171
-164
-131
-100
-116
-172
-209
-176
-145
-150
-155
-186
-249
-204
-81
7
-41
-202
-352
-333
-138
-8
-31
-181
-239
-79
71
13
-182
-260
-142
-35
-16
-68
-84
-70
-109
-25
30
-100
-223
-175
45
76
-67
-197
-174
-110
-91
-3
-84
-157
-118
-106
-95
-25
-16
-106
-70
-15
-105
-141
-108
-118
-73
-49
-86
-92
-24
39
-2
-69
-60
14
4
-5
-29
-7
54
-3
-25
-31
-49
1
62
119
141
135
79
-3
30
100
91
34
86
160
70
-14
-25
65
77
44
74
101
158
91
64
56
63
137
147
174
67
24
63
51
106
96
69
28
21
40
71
33
18
59
32
17
-5
-1
55
47
-20
-29
-5
32
26
-42
-51
-92
-70
-64
-70
-65
-80
-58
-121
-184
-94
-58
-113
-163
-81
-70
-160
-196
-185
-155
-146
-138
-145
-151
-133
-128
-143
-165
-203
-147
-110
-184
-194
-167
-126
-119
-165
-221
-214
-168
-125
-130
-165
-152
-123
-164
-247
-90
233
-184
-913
-416
398
70
-427
-337
74
-149
-353
-292
-236
-83
-129
-171
-133
-99
-193
-221
-143
-120
-141
-160
-108
-27
-129
-195
-183
-84
-123
-135
-124
-94
-67
-141
-131
-140
-148
-155
-109
-115
-165
-159
-153
-126
-50
-17
-87
-114
-138
-145
-164
-121
-38
-26
-81
-131
-122
-114
-92
-98
-141
-103
-88
-101
-113
-103
-113
-110
-103
-141
-157
-152
-148
-93
-71
-65
-83
-67
-72
-41
-12
-68
-92
-85
-79
-110
-148
-72
-61
-91
-82
-74
-81
-100
-131
-147
-112
-134
-130
-105
-136
-132
-122
-125
-146
-164
-157
-155
-124
-65
-122
-129
-96
-90
-85
-80
-148
-178
-115
-139
-236
-249
-165
-110
-100
-109
-166
-188
-155
-112
-117
-132
-136
-124
-90
-112
-141
-123
-85
-60
-91
-146
-139
-106
-100
-62
-57
-125
-195
-150
-76
-66
-129
-170
-118
-85
-67
-139
-129
-84
-92
-99
-105
-87
-71
-46
-50
-113
-140
-99
-62
-108
-151
-124
-48
-59
-129
-174
-84
-72
-149
-179
-152
-78
-88
-115
-91
-84
-117
-135
-74
-82
-119
-180
-139
-102
-121
-139
-134
-78
-85
-66
-84
-134
-153
-122
-106
-152
-183
-178
-122
-70
-64
-95
-156
-213
-220
-174
-156
-161
-196
-165
-110
-103
-149
-143
-60
-48
-169
-217
-144
-131
-143
-110
-80
-125
-149
-97
-116
-134
-161
-186
-118
-88
-133
-141
-89
-56
-87
-92
-67
-54
-58
-83
-59
-44
-80
-85
-63
-59
-41
-3
12
-29
-24
-9
13
17
7
-3
-18
-11
-4
2
0
-30
-26
30
38
1
-5
1
6
-40
-46
-19
-34
-38
-34
22
79
101
55
12
7
-28
3
41
46
24
12
46
77
48
-8
-32
20
66
-2
-47
43
103
70
-20
-8
3
33
78
54
17
11
5
21
46
42
54
44
47
38
-3
-34
-39
-24
-37
-41
0
27
-8
-12
34
28
-44
-74
-65
-24
28
61
5
-17
29
72
56
-20
-97
-7
29
18
-52
-61
13
23
-40
-64
-71
-90
-84
-34
-1
-44
-82
-26
41
14
-93
-107
-68
-32
-65
-35
-80
-56
26
15
-75
-111
-56
-66
-75
-99
-92
-98
-92
-108
-113
-82
-86
-68
-65
-68
-75
-87
-112
-136
-115
-128
-116
-95
-102
-109
-98
-84
-106
-119
-81
-97
-122
-100
-104
-55
-36
-104
-167
-93
-63
-108
-84
-32
-26
-119
-132
-72
-17
-67
-58
65
331
905
-328
-1915
1284
2656
2241
-1917
-2470
1052
1509
-2233
-2736
466
2544
654
-1063
-127
1293
1551
-561
-845
1479
3040
-652
-3168
-881
365
-13
-1043
-1355
65
1356
1590
98
-872
715
1354
-4
-885
-405
614
1011
-312
-1545
217
1390
-102
-1460
127
1619
1037
-550
-1189
169
697
-1065
-1768
-276
1858
438
-336
-570
496
1078
197
-1245
-275
1664
373
-1269
-630
1116
413
-653
-71
810
970
-49
-181
660
988
-106
-251
676
796
30
-268
184
595
222
-390
21
394
598
906
738
687
733
691
193
669
977
585
228
274
400
438
751
541
886
1580
884
70
1055
1717
634
-94
303
1144
1253
358
-2
1421
2003
416
-223
1135
1663
542
106
503
1826
1298
-785
-501
1823
2135
147
-111
1531
2170
1200
319
1440
2459
1532
691
1457
2352
2232
2123
2819
3452
3041
2668
3008
3933
4065
3945
4930
5857
5497
5388
5686
5415
4840
4617
4821
5005
4500
3480
2461
3388
3028
1386
2089
2728
1370
137
-23
-459
-1386
-1987
-2096
-2195
-2285
-2531
-2605
-2401
-1970
-1914
-2067
-1836
-1626
-2200
-2611
-2089
-2973
-4777
-4519
-3346
-3133
-4491
-4667
-3866
-4011
-4673
-4072
-3087
-3749
-4832
-3813
-1826
-2110
-3401
-2698
-1206
-1012
-1540
-2020
-709
172
-629
-1648
-721
362
-657
-2379
-2145
-653
-459
-2046
-2685
-1715
-1891
-3012
-2576
-1914
-2274
-2821
-2722
-2632
-2386
-2460
-3344
-3464
-1822
-2056
-3976
-3718
-1137
-1480
-3665
-3381
-1057
-1369
-1653
-1911
-2614
-1548
-190
-718
-2160
-1966
-379
687
-671
-2258
-766
1756
39
-2146
-158
2166
605
-1383
-92
1550
1337
-797
-1081
1759
2893
-886
-2395
2637
4645
385
-2382
2147
3972
98
-405
1882
2297
1163
133
-179
1241
2015
373
-1119
1403
1746
-439
-155
1652
479
-1441
366
1539
-807
-1743
245
503
-200
-839
-257
271
-209
-354
-486
-606
379
247
-1317
-678
1068
-105
-1597
-627
254
-547
-1566
-1169
395
608
-1138
-1372
974
662
-1894
-864
1321
469
-1855
-919
1069
295
-408
-1047
-77
804
324
-1278
-639
719
895
-226
-1245
-583
1221
1479
-1572
-1157
1489
1146
-1665
-531
1186
250
-1738
69
1711
645
-325
-149
972
1700
508
-613
989
2055
309
75
2421
1485
65
839
2481
2268
134
418
2225
2928
582
-354
2202
3232
1047
195
2002
2705
1639
1057
1233
1713
1277
-180
402
1635
-127
-1769
-703
1431
579
-1745
-1433
555
297
-1815
-2099
-292
-58
-1124
-1706
-473
648
1667
3124
2542
603
1377
3489
933
-2846
-1337
950
-1959
-3849
-1445
740
-112
-1403
-230
2116
1804
-184
-442
731
944
-802
-1975
-1336
-754
-1987
-2788
-2060
-1663
-1783
-1892
-1991
-2262
-1029
-148
-1910
-3552
-1206
355
-2769
-3184
2486
9780
2917
-5106
2444
11269
2964
-8901
-4164
5885
1970
-6335
-5257
1606
2497
-1555
-2291
2396
4221
347
-156
2131
3377
3755
3412
1227
-193
1098
1801
-1398
-3685
-2439
-1305
-275
-1211
-1495
312
78
-1414
-1608
-21
-660
-2406
-2172
-1959
-2541
-2717
-1916
-1771
216
4476
7519
-783
403
10111
6196
-6856
-5119
-382
1053
-2862
-8794
-3401
3462
2571
-4723
179
6419
3988
305
974
5234
4681
152
-1673
3308
5316
-2598
-7991
834
6766
-2942
-6857
1448
4683
-219
-4676
-624
3059
1051
-5645
-2971
1081
-1128
-7155
-4724
-1041
-1710
-3535
-768
6780
12173
1387
-48
11699
10120
-5673
-7775
-2042
3169
-4727
-9033
-7728
577
1655
-5208
-2534
8002
6567
41
1227
6620
5640
1183
-2869
-2133
2554
729
-3145
-2642
-355
60
-1830
-800
1385
2237
1463
760
2252
2446
-198
-3600
-2228
-1813
-3703
-5420
-5108
-3688
-2914
-3617
-2978
-68
6168
12408
6735
1579
7606
11658
608
-7288
-2982
-1677
-5236
-8471
-7491
-3034
1018
-1191
-1860
4836
7510
3458
2722
4730
5338
2571
-951
-1408
670
-464
-3556
-3141
261
-196
-3105
-1215
1877
2292
1158
815
2376
3228
1421
-1630
-2876
-2498
-3528
-5089
-5373
-4599
-3426
-3639
-3445
-2564
-161
4992
11622
5382
1330
9433
10511
1686
-6619
-3384
-443
-3117
-10411
-9431
-1408
1827
-3075
-3966
4949
6135
2900
1920
4594
7025
4816
-1211
-2021
3135
2466
-3013
-3749
-401
-2226
-2779
-1270
102
-313
821
1164
2100
2384
60
-1501
-649
-1940
-4521
-3491
-3803
-5223
-4965
-3323
-3110
-2916
-272
5398
11071
4441
1767
9061
10041
-1548
-6285
-1979
-674
-4233
-7468
-8448
-2208
223
-3460
-2791
3905
4796
2365
3101
3770
5595
3935
413
-44
2865
3243
-1223
-4266
-2606
916
-456
-4198
-3695
1337
2006
181
-1479
1037
2409
331
-3071
-2614
-536
-2426
-5518
-5103
-3213
-2183
-3744
-4596
-723
7579
8765
1215
235
10041
8736
431
-4962
-60
2614
-1438
-8068
-7177
117
1097
-5143
-4333
3770
4848
-54
837
4889
5625
2277
-766
2001
5523
3236
-2169
-2905
443
-165
-5146
-4477
-1434
226
-1283
-1740
338
2228
511
-1674
-254
1553
-559
-3115
-3458
-1897
-2749
-4556
-4790
-2017
-127
1590
3775
2923
2149
5669
6172
1140
471
3514
747
-2775
-2318
-2733
-2355
-1325
-2886
-2602
1271
1824
-692
1595
3673
2539
1509
1821
3241
4532
2890
-309
-1681
2892
-151
-6239
-3808
-125
-794
-2619
-2066
450
1822
-1087
-1465
1627
2873
-1285
-2945
-429
28
-2050
-3184
-2841
-1905
-1053
-1827
-1124
2075
1618
-460
2186
4590
3029
1041
1815
1581
942
360
-1227
-1440
-858
-1386
-906
-470
-1132
-49
2136
1200
-788
2052
3942
2225
664
380
1671
2844
-355
-4472
-1705
1817
-1385
-4294
-1648
756
-180
-1600
-309
2742
1496
-1150
-120
2065
77
-2247
-686
166
-608
-2720
-2436
-112
824
-596
-1370
1681
3759
2625
221
1157
3713
2683
-128
250
3342
2096
-550
-207
1354
1070
296
-407
232
1978
2681
1615
2197
3078
1636
1442
2675
1874
272
485
1067
891
1051
323
191
1032
1579
1678
1588
1999
2671
2942
2531
1710
1382
1283
1012
766
-55
-602
-105
-376
-458
214
-238
-484
487
619
-464
-1192
-1060
504
1143
-1379
-2409
1026
1483
237
-141
1576
2512
2228
1970
1736
3228
3422
2189
2349
3368
2706
1623
1478
1346
505
-42
-539
-810
-892
-2012
-2492
-1181
-1005
-2447
-2641
-1054
-1267
-2237
-2061
-1901
-1756
-1094
-493
-602
-900
-267
-21
-244
-176
749
1676
1556
790
691
1867
2347
1328
1725
2808
2372
1445
1565
1456
1357
1990
1250
-242
-881
-1075
-1603
-2404
-1385
-1253
-1854
-1307
185
1677
1483
1659
2780
3799
2607
1165
2911
3614
1268
956
1808
1034
-1547
-2577
-1641
-2493
-4817
-5129
-4277
-4019
-4253
-4466
-4272
-4096
-4576
-5304
-4112
-3311
-3747
-3879
-2796
-2941
-2544
-1943
-2928
-2531
-727
-1501
-2674
-2461
-1103
-2336
-2496
-1185
-1361
-1201
-765
-1427
-1547
-1000
-2094
-1366
356
-817
-2309
-2115
-1234
-2035
-3929
-4703
-2122
-1779
-4590
-4212
-1808
-2120
-3540
-3282
-2109
-1470
-1664
-1488
-2289
-2434
-1242
-441
-5
-137
-257
1166
1748
515
-606
705
1233
432
287
1214
373
-1050
-80
1153
1313
877
480
360
32
-266
1091
1673
86
-1406
-48
1539
473
-1273
-100
113
-81
95
-65
663
-264
-865
-537
358
-725
-1744
-817
-697
-1244
-1741
-565
-1045
-1773
-846
718
1357
-777
-1061
-287
416
-223
-417
1170
957
-789
-86
1834
543
-630
9
-185
343
503
-808
-280
521
-207
-75
1248
1072
-690
-456
1464
1206
33
-606
364
188
28
173
835
715
-708
-514
1425
1683
510
-556
-750
837
624
42
-486
-646
82
479
599
-605
-445
1157
944
-414
-942
500
306
-222
258
403
-524
-884
539
733
-148
-1269
-833
1154
1438
-1402
-1780
1312
3390
744
-1660
525
1945
654
-519
-306
-112
64
224
79
476
1317
1208
1109
114
-548
775
1303
502
647
250
-110
1313
1119
-820
471
1174
-318
-124
757
597
-1005
61
1807
634
-5
577
1458
657
-362
-230
611
-155
-1050
-690
-143
-839
-749
320
465
-727
-567
452
1114
273
-1369
-1135
785
11
-2101
-1817
-10
224
-415
-997
-469
-309
-164
-1356
-2157
28
1589
-399
-1690
-48
591
-767
-943
-463
-318
79
680
-86
-583
-131
115
338
542
481
873
1638
434
-367
361
758
398
-368
-70
20
102
28
-312
-867
-494
526
1254
-203
-9
1224
423
-596
-464
619
1347
-110
-692
541
1021
-581
-794
564
388
228
-208
-605
718
1246
125
-311
86
927
599
-694
-1222
220
802
-79
-1841
-1138
1635
2013
-391
-1327
1229
2259
74
-210
48
282
69
-125
-653
-173
263
-664
-63
1579
876
-1044
-786
856
1922
176
-58
1434
1240
-347
-986
760
994
-498
-1080
859
2150
38
-1950
-659
1453
1737
963
-210
429
1399
-188
-401
181
709
549
-179
-1371
-570
158
26
-94
672
1368
11
-959
274
1716
-30
-1672
-180
1178
650
-792
-598
283
-197
-1508
-627
815
621
-260
-100
919
1051
210
-775
-907
-66
-394
-295
519
1066
-28
-464
198
-403
-731
363
508
-154
206
753
654
21
-554
-777
107
467
-956
-762
119
279
134
-528
-408
-299
198
650
404
-118
-458
97
-276
-888
-148
747
146
-401
-302
-573
-984
-312
683
21
-580
-252
842
1278
-179
-1537
50
689
-669
-845
917
1151
-341
-1311
-78
1043
-559
-2051
-693
1599
1287
-701
-959
214
853
271
-257
-1058
-330
1127
545
-688
-848
-412
-15
586
258
-637
204
1189
-3
-1445
-87
1146
-296
-878
3
804
-215
-877
-276
490
391
-61
185
111
43
-141
-309
456
784
-310
-1038
-376
947
771
-671
-865
16
817
89
-1103
18
1037
640
-443
-1171
21
822
94
-568
33
361
262
533
287
-833
-993
26
-106
735
-250
-912
652
865
-493
-669
-189
-625
37
1120
392
-5
-365
-693
-395
962
1156
-431
-1070
288
816
15
-1296
-415
1347
1113
-807
-549
624
-15
-985
-457
-617
402
1594
473
-838
395
-85
-230
432
72
-694
-197
255
-485
-187
84
-820
-700
504
664
519
-143
-1226
-207
190
-411
136
434
-199
-445
376
267
-429
-700
-454
666
826
-193
-855
-735
31
329
-123
-369
303
1117
-306
-888
-712
-552
1050
837
-1685
-1342
843
-9
-1300
812
1096
-711
-945
547
1129
-458
-2378
-2120
461
1491
-70
-922
-664
-430
209
15
-161
-1
-146
-543
298
-249
-746
611
417
-2227
-2605
1174
671
-701
-286
848
1191
-994
-2414
-1123
989
137
-637
536
749
167
-361
-201
-346
51
-69
-1492
-1298
289
502
-468
60
540
-479
-876
447
1328
207
-812
-415
426
-559
-1221
-138
-283
-415
1389
615
-1966
-1623
562
846
72
-631
-418
-224
304
-176
-321
341
-260
-807
-310
-39
-121
-643
-439
486
883
-440
-616
505
69
-858
-738
466
626
481
349
-252
-1456
-1296
-277
385
986
439
-655
-219
708
-375
-1686
-453
348
203
600
240
-526
-1222
-951
118
846
449
-1115
-902
68
949
469
-550
-682
-322
882
402
-1200
292
1262
-677
-1968
144
996
222
-951
-312
1046
1222
-540
-1713
207
981
278
-361
-943
-415
706
561
-101
19
-528
-31
602
-302
-1625
-1097
665
431
218
24
-152
-632
-487
175
535
-12
-708
-75
829
228
-319
-1015
-744
489
1017
-1386
-1729
1082
2216
-188
-1124
-272
502
268
-798
-604
983
770
-976
-1210
710
452
-721
-508
462
1343
222
-1089
-561
881
-477
-1358
404
638
-428
-1010
-129
992
847
-610
-804
1135
361
-1281
-642
716
540
-261
-406
521
881
-323
-163
565
433
-1131
-918
440
616
136
-9
388
268
159
-736
-616
369
501
-340
645
1042
-281
-1162
-41
1561
495
-863
-687
755
561
-672
-512
799
975
-146
-291
-159
201
310
-386
-115
625
327
-487
-159
338
248
-163
-386
226
966
668
-508
-348
380
248
-353
-25
870
750
-16
-712
102
649
-47
-499
76
598
394
86
-306
-51
643
544
-451
-583
500
645
-282
-162
385
484
213
-33
-107
97
36
204
459
321
111
149
46
-364
28
793
465
-430
-70
477
576
-419
-551
772
948
147
-289
373
493
-54
-153
118
529
156
88
27
-141
624
515
18
-72
174
397
329
390
110
263
125
-85
260
398
272
5
318
528
337
371
151
8
399
679
220
-211
69
732
461
-114
109
585
401
9
162
485
527
413
240
83
168
350
280
301
477
407
213
291
409
345
248
371
355
194
431
525
267
301
458
258
336
596
283
73
264
506
600
285
159
426
392
423
508
378
118
15
488
692
261
205
256
302
512
398
16
169
492
702
588
346
252
280
254
277
427
524
258
67
519
580
412
55
193
572
521
290
164
355
458
364
279
357
427
320
301
249
168
388
482
224
190
347
490
360
337
358
261
349
333
290
170
251
324
258
270
259
249
367
383
163
132
390
563
406
91
217
408
305
21
288
391
107
145
387
481
281
203
273
380
322
234
218
86
138
316
198
-39
55
370
412
221
118
338
253
123
146
296
120
97
291
213
48
-16
199
284
206
88
109
285
215
-22
72
330
157
-63
80
315
221
-37
-3
154
354
67
-200
113
323
56
-186
98
289
116
-104
-19
268
230
-83
-41
150
184
-36
-179
-101
112
140
62
132
153
56
39
23
66
79
115
-50
-27
123
142
19
-94
8
100
16
-17
73
61
50
40
31
154
102
54
68
55
67
12
-58
5
95
35
2
32
59
51
-1
5
-1
4
60
112
106
13
0
109
95
-25
-171
-74
121
147
-18
-168
-71
52
68
-34
-73
36
50
-42
-102
-69
-39
6
-2
-69
-60
-84
-166
-89
61
40
-57
-5
11
-121
-69
109
-9
-203
-177
-107
-128
-147
-199
-183
-169
-130
-142
-109
1
-72
-192
-144
-71
-137
-318
-240
68
26
-88
-122
-216
-188
-6
17
-306
-537
-158
199
-32
-411
-360
149
217
-461
-551
24
98
-242
-303
-23
-74
-120
-246
-208
-35
-66
-94
-172
-337
-316
-23
19
-172
-275
-118
-203
-438
35
647
565
43
-977
-1122
335
141
-740
-580
439
307
-53
-162
-460
-8
403
-119
-323
108
-172
-325
-2
-128
-166
76
-81
-281
-203
-38
-59
-1
230
-180
-348
111
-73
-353
4
-42
-252
-61
42
-178
80
46
-427
-223
208
152
-205
-67
-25
-63
-97
-254
-54
-28
-146
-210
5
-23
-362
-39
171
-403
-485
635
475
-1127
-488
870
-11
-491
-346
316
436
-330
-827
-13
753
-142
-502
45
-253
-163
412
-260
-712
357
212
-450
-90
19
-478
-388
-142
-664
-52
194
-478
-388
23
97
29
-155
-996
-636
787
205
-323
157
12
409
1250
265
-662
179
945
50
-551
215
712
441
195
121
53
361
-31
-592
-369
-165
-843
-1476
-901
-975
-1179
-1118
-1510
-2173
-1721
-981
-1876
-312
2887
3344
-398
105
3307
4553
1151
-2051
-805
1085
742
-2069
-3959
-2242
-57
-341
-1632
-1398
94
1452
1628
186
380
1613
1773
754
92
212
321
420
-756
-1877
-1732
-275
-469
-1350
-870
-142
255
375
47
146
1141
1273
190
45
707
587
259
160
-111
135
657
-91
-1185
-457
470
-131
-459
-161
-71
833
953
-470
-664
569
729
-290
-952
-1312
-765
329
-690
-1882
-761
550
-331
-1132
-696
-299
-900
-2542
-3245
-46
4071
3518
-4
453
5026
5634
653
-4034
-2209
1665
1162
-2955
-5722
-2200
1917
257
-2259
-1802
1940
3449
2077
-1
377
2094
2406
-150
-1867
-306
546
-228
-1401
-1614
-256
625
465
-554
108
1431
1255
134
-11
651
1492
1601
308
-1631
-857
785
-1135
-3459
-2523
-535
-793
-1027
-388
194
2133
1875
-1645
-3154
-1782
296
674
1704
1392
1108
3432
4368
2380
-1493
-940
569
1026
-1883
-3773
-2743
68
446
-1271
-335
1653
2427
1724
1085
1667
1843
1363
-239
-878
-296
-472
-1593
-1738
-1076
-716
-607
-706
108
1312
1472
1327
2254
4058
3284
-236
-1745
2372
712
-3817
-3209
665
162
-1210
-1625
-1247
470
782
-638
-1412
700
416
-1391
-688
-49
-631
-455
-295
-731
1256
3244
-629
-2289
2240
1632
-1135
-1638
-266
149
527
-503
-1439
549
1840
-272
-1124
683
917
278
84
-444
36
764
-428
-908
111
243
-598
-270
227
-44
-126
-52
152
460
292
37
731
2223
3289
379
-3363
4185
5263
-5523
-6958
-432
3127
-2266
-5207
-4316
2978
3958
-2282
-3092
3538
2647
-3026
-2290
-282
-2107
-4874
-3365
2582
6634
1478
-1870
3609
8765
4078
-3836
-2758
2144
1253
-2799
-6482
-3134
2345
136
-1872
-47
2720
3223
2766
688
1066
2783
1847
-709
-1739
-803
-1087
-1345
-2048
-1835
-477
404
-76
360
1552
2032
1887
1225
1105
1214
1115
-242
-1600
-1072
49
1651
1864
-1046
-3955
1715
5767
611
-2737
-2129
1745
4261
144
-7051
-4110
3913
678
-4224
-3333
-902
1307
-701
-2526
-1973
1549
2006
760
4162
4619
1710
1332
3049
2113
-1011
-3920
-2786
-382
-694
-3818
-2572
830
1287
872
1250
2280
2592
2308
1017
783
1422
64
-1169
-1329
-1474
-1342
-982
-873
22
1826
2600
1427
361
2495
5051
4708
1273
-2844
-3397
1132
524
-7778
-8964
-1414
-434
-3108
-5539
-4803
-2795
-3403
-5063
2485
18665
16353
-6771
-3694
21489
18104
-9596
-20768
-10612
4776
1978
-15827
-18139
4985
14217
227
-2316
9246
11348
9437
751
-828
3478
2173
-3759
-6994
-4053
-3162
-3972
-4708
-4039
-996
2878
2375
1918
4827
5961
4244
2683
695
437
1140
-1206
-5266
-4713
-3204
-1832
-2247
-2625
-908
1903
3037
2007
2319
3739
2965
1323
257
-325
-501
-1302
-2904
-2691
-945
228
-838
-2196
448
4606
4053
-476
-1084
3897
4566
-913
-4596
-1248
577
-2190
-5712
-3425
317
-186
-3388
-2142
1260
803
-2106
-2484
-1454
1357
7027
6217
-1886
-2964
7822
6387
-2749
-8681
-5446
1417
2308
-6607
-7793
-243
4659
1985
-2067
142
4829
5437
1563
-1959
328
3237
-165
-3367
-2952
-1818
-788
-1724
-3144
-1337
1714
468
-666
1051
2612
2328
1037
334
547
741
-140
-941
78
1005
-559
-2051
83
935
-872
-1106
814
2105
463
-1029
329
1210
-552
-2194
-1128
-158
-1039
-2481
-2287
-700
-61
-1031
-1207
-86
350
-577
-217
1425
3537
981
-1423
762
3318
914
-3146
-2593
-77
1295
-1614
-3504
-412
4161
1118
-3863
-515
3745
978
-1538
-1081
1828
2206
-886
-471
2175
1145
-1666
-1288
1116
180
-2376
-2719
-1158
262
-1545
-3187
-2548
-1190
-2777
-4697
-4955
-4721
-3229
-319
5917
10374
-1783
-46
11008
12443
-4525
-11462
-5156
4399
-812
-11866
-13301
1056
6789
-1897
-3476
830
7356
6170
777
-203
4254
5064
-3039
-4117
-1176
-285
-2716
-4925
-4256
4
-549
-2058
-686
1392
2526
2869
1308
456
2263
2966
193
-2453
-2110
-1798
-1514
-1772
-2945
-2306
-172
680
-94
140
1206
1788
1260
459
23
685
565
18
1510
3430
-443
-4317
-795
2407
-1335
-4857
-2570
1172
2681
-521
-3430
-784
2308
1062
-2340
-968
2774
1265
-2852
-4512
-990
-1447
-5189
-5692
255
5928
3719
-2308
123
8226
7148
-1677
-5236
157
3098
-1359
-5411
-6147
-120
2311
-1372
-4720
-460
3414
1905
-382
33
1923
2953
768
-1788
-71
1490
70
-2254
-1942
-1090
-316
-550
-1616
-1422
165
804
222
-306
-146
582
979
378
-826
-346
673
805
1406
2610
207
-3572
-50
3152
243
-5427
-2996
2160
2829
-1431
-3091
-1582
2535
1982
-2547
-3155
719
2228
-974
-3052
-406
1998
1062
-926
-1184
-11
1055
85
-1148
-668
643
467
-334
-189
738
618
-148
150
421
175
-347
-143
-204
-260
-209
-163
-205
-319
-422
-328
102
-82
-474
-219
198
30
-225
-87
39
230
-12
-232
198
1000
453
-641
87
1014
654
-112
-609
-157
747
627
-1015
-1718
202
460
694
-798
-1380
-852
-51
94
-568
-1169
-403
293
-521
-1287
-790
-700
-946
-424
52
360
-369
-71
1105
1585
1149
222
-138
628
1523
200
-1387
-321
1037
509
-612
-757
-360
241
350
-943
-1119
2
147
-515
-635
-307
-9
81
-1
-224
-20
411
467
110
-28
182
373
131
-153
-267
-233
-202
-287
-261
94
859
-126
-1053
511
1577
607
-980
-767
591
1119
-323
-2069
-896
1024
-267
-1909
-1270
88
264
-537
-1265
-868
215
70
-1387
-1581
6
1072
878
-355
-835
767
2259
1289
-650
-908
1204
2056
249
-1393
-327
1419
1185
-735
-1509
-336
1156
186
-1753
-1495
617
901
-390
-1093
-454
516
-12
-813
-377
285
645
98
-200
71
482
259
-217
-278
114
675
302
-582
-462
523
655
-186
-952
-455
359
687
-407
-1135
-208
393
-373
-1069
-617
-42
-116
-592
-653
-373
-118
-256
-803
-877
-537
-721
-1226
-1430
-1369
-752
481
1009
-1074
-790
2050
1672
-45
-357
495
1269
1503
-417
-1708
404
1824
17
-1625
-133
837
309
-492
-928
-531
552
116
-1341
-1147
440
653
-317
-493
-13
715
847
246
-301
-3
630
548
-124
-34
377
303
235
296
-96
-147
270
214
-143
-97
113
-154
-188
-157
-472
-514
-169
-215
-594
-339
78
-427
-631
-200
-592
-847
-153
-252
-1609
-1415
524
782
-391
-604
-22
1211
1691
89
-977
769
1942
876
-482
-658
463
1191
-1
-1122
-394
798
-3
-1022
-625
-24
85
-213
-665
-254
567
239
-457
-186
554
256
-377
-131
242
310
2
-390
-441
253
750
-64
-392
503
623
-362
-230
371
262
-36
235
-11
-234
242
181
-660
-540
226
-72
-162
-80
-6
62
123
-269
-14
495
-117
-528
293
184
-910
-765
427
-694
-258
1464
291
-1201
933
1785
-22
212
1278
696
872
1032
-279
-455
987
793
-794
-581
389
213
-588
-443
-46
314
423
-74
-345
559
679
-87
-186
447
365
-307
145
391
18
-50
505
431
-181
230
603
399
91
259
412
181
-29
-296
-123
350
10
-668
-397
672
-56
-718
605
77
-724
587
1115
-647
56
1548
190
-1043
719
953
-539
-733
854
641
-1105
68
1134
-224
-48
1714
1948
28
-746
427
214
-756
477
317
-119
1073
1233
214
346
2150
2924
1282
-1491
-1113
-770
-1706
282
24
-1618
1581
2038
-871
263
2667
482
-1506
301
-402
-1468
-886
-710
-230
-375
-772
551
1432
631
1359
1227
144
1746
2812
-98
-1344
1302
1645
84
-768
523
1226
160
-810
423
1544
-350
-1124
988
1840
33
-670
396
978
97
-63
956
294
-66
919
787
-54
274
771
500
89
312
652
344
-48
615
344
-396
300
752
177
-46
430
861
132
-166
648
757
61
-29
53
276
344
-211
-285
191
375
-17
-272
51
514
822
93
-205
428
674
152
-52
132
188
647
463
-42
298
1223
1355
32
-144
1298
1880
-59
-833
340
1406
48
-833
288
1016
-441
-1023
210
370
-649
-1046
-205
123
-573
-1206
-795
26
-740
-1436
-1346
-442
881
1762
320
126
2418
2730
1878
587
821
2313
1343
-596
-338
835
-231
-1201
-673
448
12
-1180
-700
902
689
-281
247
1048
903
-24
336
1321
924
-159
277
939
819
-166
-563
520
665
-262
-382
165
463
192
-219
4
480
419
587
842
425
145
910
1238
542
-272
56
951
591
-613
-453
566
434
-407
-516
180
451
-289
-587
46
292
-230
-570
-262
130
-125
-263
-53
-91
-125
-94
-122
113
270
127
49
262
635
482
65
121
580
519
-210
-309
324
570
48
-156
275
555
402
171
213
327
640
1019
1070
376
78
892
564
-132
-222
24
-50
-662
-744
-371
-575
-1130
-1204
-864
-803
-1532
-1830
-1740
-1986
-1613
-593
1592
656
-764
2593
3965
1887
-3
1027
3212
1792
-1048
86
1116
180
-1808
-1034
139
-74
-2208
-1356
451
217
-849
-1043
544
1183
213
-315
1127
1321
440
-40
396
1058
217
-330
167
619
-285
-645
-98
399
-234
-974
-477
337
9
-488
-398
342
243
-28
-110
263
603
419
27
180
503
293
26
129
223
-35
-138
19
219
349
136
-64
223
797
879
-241
-721
881
1094
-1040
-756
535
769
-297
-879
2
162
-857
-1254
-653
-325
-822
-1093
-518
4
-744
-1042
-228
100
199
289
43
266
1150
549
-217
81
714
796
-324
-484
244
376
-465
-793
-97
536
-368
-1209
-5
475
-253
-915
-74
692
-4
-637
-62
610
-23
-598
-76
536
-39
-561
-85
470
-52
16
818
271
-425
570
967
-597
-810
-228
300
-180
-1199
-537
-177
-505
-1400
-1040
-274
-771
-1404
-1158
-486
-576
-987
-913
-573
-634
-914
-251
382
-29
-402
618
1054
392
272
381
878
245
-330
-107
-39
-594
-1116
-776
-592
-648
-1107
-923
-418
-486
-547
-491
-134
-180
-306
-192
121
-5
-119
-153
4
434
1359
962
-842
449
2561
5
-2399
-838
582
-709
-2351
-1712
-354
-1587
-2708
-1689
-762
-2085
-2966
-2486
-1467
-1070
734
992
-650
842
3752
2506
-140
890
2451
1599
-725
-1037
383
125
-1987
-2271
-464
-698
-2190
-1996
-409
-196
-1166
-990
131
859
-333
-493
818
1346
225
-503
689
1169
-142
-670
451
306
-886
-1046
-318
79
-762
-1309
-812
-360
-442
-665
-325
106
50
-205
26
405
354
123
165
279
106
12
40
118
-95
-410
-368
-101
-414
-540
-349
-315
-221
37
3
223
653
1578
-409
-693
2664
1292
-2450
-941
1346
100
-1790
-1447
738
454
-1353
-1119
801
27
-1615
-1402
344
-359
-1425
-843
38
-442
-1170
-508
-148
-39
60
331
577
800
1004
820
764
815
677
298
145
99
-280
-433
-664
-622
-431
-604
-761
-676
-285
-229
-280
-142
237
390
344
723
1284
612
702
1935
1054
-1349
1055
2616
-1644
-2252
515
1018
-2184
-2599
47
390
-1795
-2647
-323
613
-2511
-2926
-1036
-693
-1629
359
2166
524
-115
2795
4041
1395
365
1926
2778
454
-1107
-255
519
-1123
-2615
-1257
330
-1162
-2132
-899
863
160
-906
64
1651
1012
42
570
1691
1255
-202
-8
873
393
-626
-494
107
-221
-917
-827
-252
-326
-666
-605
-100
104
43
99
456
687
308
461
784
658
84
166
539
471
-207
-659
-84
139
-201
-17
263
-502
45
1537
45
-925
1014
1272
-370
-583
775
599
-202
-347
50
651
-115
-811
3
331
-763
-908
19
-341
-888
-789
-337
-419
-792
-724
-416
-136
-697
-920
-36
1047
611
-316
767
2078
1197
76
512
909
549
2
-495
-224
22
-500
-976
-298
-27
-767
-866
-52
276
-22
68
972
1332
1004
905
815
1061
838
-46
-647
-319
178
-455
-1359
-1479
-494
-626
-1949
-1773
-652
-797
-1989
-1829
-1101
-1763
-2604
-962
2558
3061
-1056
-503
6039
5148
-2146
-1166
3291
2481
-2675
-2006
-181
372
-2144
-3516
-607
1283
-1809
-3055
347
1719
-359
-737
980
1916
1064
290
524
1590
1008
-579
-366
216
-312
-1433
-997
-600
-720
-1267
-969
-155
-46
-344
-73
502
428
88
272
552
399
168
378
264
91
-193
-155
-52
-336
-603
-430
-83
-685
-767
-95
176
-235
-12
736
1432
1522
289
-239
2164
447
-2988
214
2292
-1110
-2482
427
805
-1599
-1287
-435
339
105
-1387
-1193
1099
787
-2337
-1091
1555
-162
-2347
-927
880
-293
-2213
-1439
1142
1485
-1326
-1704
2075
2578
-624
-1039
1607
1950
-861
-1995
-278
1283
-705
-2512
-870
1050
-241
-2353
-365
1442
269
-1223
-253
980
820
-199
728
2532
725
-2326
1416
3932
-2015
-2825
2331
1662
-5034
-2360
3313
-1843
-5191
288
2497
-2190
-1582
78
-425
-882
-2128
-2506
-1476
-1164
-2584
256
5170
483
-3777
3418
8320
297
-7253
1572
7504
-2204
-6119
-187
3048
-1854
-4528
-2097
1586
917
-2126
-2679
1850
3675
-199
-2715
2317
4325
65
-2702
820
3107
-635
-3151
-864
382
4
-1713
-2025
-605
1202
29
-1463
-493
2151
1017
-1387
174
2162
871
-1241
-389
1418
245
-1247
-277
251
-550
-695
-563
-443
-334
-36
-126
-372
-298
-94
-155
125
176
-241
-297
366
456
-448
-568
198
297
-517
468
2190
78
-3046
-137
4021
-960
-5647
-168
4988
301
-3959
-1192
2330
958
-1951
-817
900
588
-264
-1038
-804
262
844
-1095
-1869
-227
839
-907
-1141
-75
119
-762
-282
446
-481
120
1762
589
-903
455
1688
246
-1888
-468
1339
166
-1326
-356
525
45
-100
32
-88
240
737
104
-800
41
1464
494
-1093
-880
866
632
-860
-1054
-173
307
-129
-526
-166
-57
440
-12
-587
85
356
110
36
-168
16
296
41
-282
181
612
332
179
225
99
290
603
140
-44
461
393
209
489
336
13
307
421
318
224
24
50
405
354
-248
-166
356
424
-7
-63
90
228
354
240
137
231
316
394
276
255
313
261
213
286
325
144
118
283
262
165
182
166
180
300
284
241
280
196
163
313
334
41
-1
266
300
206
234
156
369
512
173
35
414
465
142
100
291
188
157
185
211
188
81
23
146
194
92
105
286
364
151
179
466
352
39
165
510
187
-23
398
342
-15
123
333
142
-31
63
263
133
63
300
457
257
75
383
593
248
-75
304
457
134
-76
191
294
74
-126
265
321
-36
102
228
266
369
-41
-209
556
665
-628
-100
1342
372
-509
292
728
-464
16
1035
108
-493
711
231
-497
430
790
-852
-149
1771
-36
-1678
668
1604
-952
78
1014
-406
368
1541
-379
-637
1005
792
-954
688
901
-1233
187
1478
-164
-1656
1254
1669
-1733
554
969
-921
109
2294
-262
-1292
1519
1141
-1263
922
1774
-1583
-1126
2616
100
-2187
1555
2058
-2059
708
2217
-985
-570
1320
290
-646
1342
568
-135
504
698
-183
618
763
-429
-269
459
-203
638
966
-526
-739
1007
1241
175
-795
-267
854
999
72
-288
40
-59
212
787
1010
-10
-1321
971
1283
-137
-911
262
475
669
141
301
-135
-267
334
443
145
55
-27
196
536
228
-52
203
65
-61
360
528
273
-50
160
505
367
-180
-106
234
-74
206
461
44
-124
335
519
463
106
-403
73
504
112
61
199
-264
-80
761
641
-125
-423
210
785
562
86
-222
-54
507
581
-31
-113
260
192
8
64
319
181
-450
-540
364
484
-63
-162
-72
174
397
601
-77
-529
211
1106
265
-939
-459
560
692
-149
-477
-179
-89
157
530
-82
-493
-120
628
529
77
-5
368
300
361
529
274
-235
-167
388
314
-434
-732
-280
-34
-257
-325
-264
-320
-167
64
-62
-483
-539
-284
-53
-11
-125
-507
-660
-337
42
-9
-611
-1022
-649
235
836
508
-188
-459
281
1574
1046
-396
-590
-62
418
-18
-150
-270
-379
-280
-9
237
163
-41
20
-36
15
-123
-249
-594
-1011
-1179
-1332
-1470
-1596
-1558
-1385
-1291
-1206
-867
-729
-939
-901
-380
740
3143
739
-1446
542
1316
-326
-1818
-1624
-1800
-2601
-1873
-681
-521
-1249
-322
1242
1029
447
623
1103
667
5
-115
-224
-920
-1372
-1126
-903
-1107
-1168
-663
-459
-398
-6
453
514
346
397
259
-120
-375
-237
-447
-945
-1149
-718
-662
-815
-677
-214
-153
-209
46
463
295
-164
-348
-68
-119
-442
-568
-530
-427
46
1066
1502
-485
-2473
-666
37
-1029
-835
46
-434
-1453
-526
1038
825
-533
-709
92
-344
-741
100
209
-1084
-1965
-1164
-728
-1390
-1270
-723
-425
-696
-450
-77
-145
-206
-38
-293
-802
-734
-56
396
150
-372
-440
-379
-435
-282
-144
-18
-56
-508
-816
-648
-393
-162
-36
-74
-247
-153
277
1202
1334
251
-768
-1165
-1525
-1634
-938
-486
-897
-1419
-1079
-1018
-1523
-1455
-1147
-1203
-1458
-1320
-941
-890
-844
-213
1144
2890
1717
225
-357
-181
-982
-1127
-730
-1090
-1637
-1140
-688
-770
-696
52
748
658
247
-126
-58
-119
49
100
-223
-686
-747
-803
-752
-614
-404
-366
-469
-563
-535
-144
473
391
18
-186
-247
-415
-568
-522
-480
-442
-545
-639
-381
140
214
-262
-446
-278
-125
13
139
25
-357
-306
17
-109
-454
-408
223
1580
2550
1669
-414
-1266
-1524
-1758
-1545
-187
694
214
-222
-619
-1460
-1569
-674
409
264
-133
-13
315
613
523
277
-245
-1265
-2576
-2752
-2592
-2156
-1759
-676
926
2418
2224
991
1151
2462
1934
172
-531
-318
-512
-688
-528
-383
-515
-635
-88
409
319
237
610
1086
902
622
367
44
-250
-212
30
124
96
278
491
291
109
369
403
246
676
1107
715
256
317
261
-402
-673
-755
-681
-613
-182
-14
-269
-315
-189
2
175
332
189
-202
-1043
-1163
-1054
-756
-485
-567
-940
-736
-58
1299
1881
2057
2217
1781
589
-532
-677
-545
-185
581
1078
807
396
-276
-728
-646
-124
352
660
828
675
444
234
272
375
218
18
-269
-460
-218
66
257
291
511
539
148
-357
-425
-241
264
604
543
151
-410
-633
-565
-134
258
309
78
-48
66
379
421
154
-298
-482
-426
-375
-52
242
204
101
-119
-262
-392
-369
-89
256
579
200
-259
-320
-376
-121
110
489
540
123
67
118
-20
-62
129
302
82
54
236
259
280
183
23
-41
174
432
466
246
-69
-279
-317
-420
-704
-437
84
905
577
80
-372
-1112
-1211
-759
-19
478
388
142
-380
-1128
-1824
-1734
-1159
-637
-25
386
163
-585
-1480
-1360
-1032
-734
-824
-578
-355
-287
-595
-875
-620
-111
229
660
1052
1205
1067
773
735
769
1053
1167
1133
1164
1192
1270
915
354
131
199
507
563
920
1243
780
225
-148
192
131
-37
320
829
761
-41
-369
-468
-378
-460
-87
797
1398
1289
593
-40
-122
-196
-264
-80
88
139
-92
-50
217
251
220
192
218
-137
-596
-535
-367
194
866
1499
1581
610
-317
-437
-109
189
641
1052
1275
1479
924
402
62
1
-55
98
700
1275
1349
873
442
498
243
-451
-550
264
811
1308
1218
478
-19
-109
-191
-117
223
407
239
188
419
461
194
297
770
1246
691
-429
-909
-473
-76
284
612
1109
1019
444
370
302
118
-50
307
630
504
6
74
752
1023
777
105
-166
80
303
235
296
913
1324
951
203
-493
-583
-8
664
754
343
120
-84
347
964
1046
673
333
394
338
-121
-305
-249
108
246
540
885
931
552
195
241
535
421
179
148
176
98
-210
-168
99
412
622
660
833
739
481
99
-54
-8
202
547
409
30
-327
-373
6
363
686
1065
1218
987
440
67
-273
-334
58
619
1141
1073
642
137
69
8
64
217
355
649
916
813
782
1040
867
394
-490
-850
-959
-462
533
1460
1820
1492
398
-621
-1018
-898
-351
743
1471
1339
738
191
92
182
100
-123
-191
117
397
550
688
646
379
206
-78
-40
-6
151
351
429
499
349
252
21
-73
-45
190
159
131
105
175
369
187
164
143
162
-104
-218
95
221
412
239
82
-118
-144
-26
-90
7
95
208
194
-5
-378
-633
-587
44
1220
1060
332
-330
-690
-581
-482
-753
-507
15
627
545
172
-32
29
197
44
-279
-321
-54
119
-38
-181
-311
-146
4
62
-61
52
272
745
813
135
-679
-1007
-709
-438
137
510
578
394
226
73
-158
-452
-414
-172
112
226
192
98
-160
-194
90
357
254
160
245
63
-292
-853
-927
-995
-564
277
1118
1227
929
296
-444
-941
-1031
-1113
-591
21
596
670
330
-225
-299
-231
-170
110
263
32
-515
-888
-820
-389
228
639
713
373
-305
-938
-1184
-1110
-634
44
496
742
519
315
254
-26
-281
-419
-798
-1053
-1099
-636
-81
142
482
666
498
243
-174
-566
-719
-673
-631
-440
-58
299
161
-133
-478
-524
-145
8
-223
-517
-250
-8
23
-5
-135
-205
-269
-366
-632
-823
-510
-47
137
-31
-82
-128
-86
-200
-582
-837
-606
-396
-358
-185
-28
0
-182
-490
-616
-578
-405
-311
-168
14
37
-157
-548
-1053
-849
-418
-26
25
71
197
159
-83
-556
-760
-821
-765
-510
-464
-254
-216
-43
51
136
58
-297
-450
-588
-630
-592
-489
-269
-184
-158
-135
-329
-564
-595
-395
-213
-190
-83
-25
27
-151
-411
-445
-414
-214
-344
-509
-616
-558
-292
-101
2
-29
56
-74
-382
-592
-554
-312
-218
-75
-49
69
-38
-331
-710
-863
-817
-775
-354
151
491
430
262
7
-502
-978
-917
-749
-596
-273
21
288
254
34
-396
-704
-536
-383
-337
-463
-349
103
164
-116
-575
-759
-703
-652
-606
-480
-213
29
123
-135
-308
-592
-630
-388
-168
-83
-161
-184
-334
-510
-628
-778
-720
-454
120
38
-185
-117
-178
-458
-611
-473
-94
59
-79
-289
-556
-522
-491
-406
-276
-206
-12
118
-237
-594
-456
-77
-26
-164
-38
-152
-394
-678
-640
-537
-317
-59
254
296
-49
-95
-305
-650
-881
-671
-173
167
351
183
30
-293
-503
-694
-521
-111
-55
200
62
104
-163
-476
-602
-488
-106
47
1
-125
-87
-329
-549
-406
-67
164
-215
-368
-230
64
-127
-509
-152
79
-47
-314
-348
-254
-54
-132
-250
-357
-493
-333
-10
221
95
57
91
-66
-381
-591
-553
-311
-27
164
198
104
19
-216
-500
-538
-365
-18
305
263
72
-170
-201
-286
-208
147
96
50
-244
-435
-262
-293
-208
79
500
444
189
-228
-620
-569
-615
-236
-83
240
282
244
141
-143
-257
-430
-210
-67
-41
-254
-226
-148
17
340
478
352
-146
-622
-683
-403
-352
-29
434
618
674
215
-216
-496
-445
-307
-13
101
204
235
150
72
-188
-154
-123
20
255
224
196
14
-9
-159
-140
-157
-76
85
235
293
133
26
-110
-58
-42
-115
-207
-26
261
223
189
95
67
145
263
26
-321
-367
-73
272
410
536
422
249
29
-114
-401
-515
-273
137
529
580
534
155
-100
-146
-20
18
52
272
244
62
-198
-95
-126
132
374
405
320
-19
-157
-283
-245
-142
15
273
376
407
149
-24
-244
-159
-29
41
105
202
362
298
162
74
90
76
-16
-76
-87
63
213
155
-40
-14
199
171
-11
107
301
66
-154
-126
4
74
-33
-14
74
252
275
168
110
-13
-159
-140
20
41
217
240
347
483
217
-128
-174
36
-155
-121
226
364
238
-29
5
99
242
60
-153
-10
120
285
392
216
51
-13
6
-11
-27
105
193
339
124
-76
2
262
296
76
104
130
60
-4
93
181
165
122
109
169
136
206
70
89
177
64
21
194
312
205
302
250
202
70
87
233
291
308
195
152
6
64
187
398
370
396
373
179
309
191
170
-84
-50
107
135
265
288
611
565
439
248
75
-19
66
353
162
265
171
199
225
248
355
374
640
526
353
69
-45
-11
-42
101
75
430
685
639
513
322
149
55
140
218
195
174
389
589
511
156
-99
39
249
363
466
623
538
460
295
101
23
0
64
240
548
506
468
502
408
150
-23
71
271
401
331
267
170
118
199
272
471
328
198
316
295
159
36
84
304
524
496
366
58
-152
-190
-17
140
283
413
436
457
399
276
33
-70
-101
-73
5
265
368
399
484
302
-6
-216
-178
64
95
123
253
513
616
396
81
-213
-327
-85
72
-13
65
325
498
529
444
157
-110
-213
-182
-39
-65
148
233
311
241
177
158
-73
-104
39
117
-1
20
117
240
288
186
120
-37
-58
-116
-64
-48
-91
55
231
254
104
46
-42
39
53
40
76
153
183
47
-50
-138
-186
-259
-113
23
111
192
119
106
94
61
-29
-65
-142
-212
-185
-62
133
107
177
113
55
-105
-255
-274
-114
36
17
0
48
180
57
-89
-108
-91
-139
-182
-221
-209
-88
-7
-50
-63
21
10
-20
-47
-154
-52
94
152
29
-52
-95
-215
-231
-304
-212
-128
-51
79
131
115
42
3
-178
-360
-337
-273
-254
-131
112
215
121
-22
-204
-181
-331
-312
-152
-88
9
-151
-130
-33
-16
-32
-75
-88
-172
-271
-337
-325
-226
-53
17
-4
-62
-150
-198
-212
-199
-187
-176
-126
-99
-173
-323
-344
-168
-3
18
-40
-23
-39
-141
-287
-423
-475
-329
-114
29
55
32
-75
-172
-224
-240
-313
-247
-138
-36
30
-103
-298
-324
-159
-180
-161
-73
-57
-14
-1
-85
-206
-254
-297
-284
-127
-106
-9
43
-70
-290
-447
-362
-336
-171
23
101
-112
-312
-234
-211
-275
-372
-249
-6
28
-192
-277
-251
-274
-253
-234
-146
-65
-51
-12
48
15
-135
-372
-403
-260
-182
-159
-95
-37
-54
-102
-116
-155
-215
-182
-132
-69
-143
-293
-272
-214
-162
-146
-73
47
-1
-74
-273
-473
-447
-329
-265
-50
208
242
148
-110
-352
-446
-474
-396
-278
-84
-6
64
0
19
-104
-282
-305
-198
-62
-150
-166
-64
-130
-166
-221
-151
-88
-47
-99
-200
-127
-88
-76
-197
-213
-22
-48
-118
-182
-124
-36
-84
-157
-249
-237
-248
-218
-155
-98
-31
-40
-16
-68
-169
-271
-310
-177
-89
-170
-184
-92
-56
-111
-241
-224
-176
-103
-116
-152
-53
-92
-225
-137
-121
-164
-125
-89
32
16
-57
-149
-209
-88
-104
-147
-186
-77
-34
-100
-136
-147
-77
-177
-164
-104
-71
-41
-68
-125
-177
-144
-225
-236
-166
-157
-133
-21
125
-51
-169
-190
-171
-154
-202
-159
-198
-186
-153
-163
-118
-126
-104
-71
-114
-175
-167
-130
-124
-167
-117
-111
-179
-116
-157
-120
-139
-133
-72
-162
-174
-251
-181
-118
-126
-89
-163
-93
-156
-263
-277
-264
-180
-81
-42
-78
-133
-203
-212
-319
-187
-135
-119
-46
-138
19
-88
-146
-163
-179
-18
-168
-71
-159
-78
24
-42
-6
-83
-13
-131
-83
-97
-110
-98
-131
-1
-18
-2
-104
-12
97
54
-38
-147
-74
-113
-77
-44
66
139
126
138
61
-9
-72
2
-28
-55
-31
-24
-5
-36
-20
56
89
59
14
-43
-50
-69
12
45
15
24
32
54
-7
-48
19
137
56
-46
-59
-47
30
40
103
177
187
51
-7
-24
-40
-83
-96
85
111
-7
-71
26
78
126
169
77
89
100
70
7
31
-6
-67
-26
11
57
88
104
160
167
66
52
65
149
116
46
1
-56
-19
-38
30
93
200
214
94
78
64
103
67
-32
-98
-14
129
226
349
365
204
-33
-127
-42
36
13
-8
207
292
214
49
-58
-77
11
124
226
318
306
251
101
-136
-105
-20
58
81
188
246
263
182
139
73
61
94
104
167
159
92
101
109
87
41
72
155
264
191
152
236
247
157
73
40
110
192
181
151
196
253
231
157
87
78
21
28
129
172
185
173
184
154
109
117
154
108
65
81
46
68
5
68
191
208
160
203
242
61
-17
101
165
184
132
84
41
80
44
-55
-16
68
211
347
330
249
117
29
-19
-5
61
97
152
222
231
223
141
152
162
171
114
107
195
255
266
136
13
29
102
141
129
184
214
187
163
141
160
253
266
182
149
239
275
154
41
55
201
259
242
258
301
314
254
155
168
228
195
185
176
250
320
275
218
181
200
218
191
226
294
404
390
351
242
140
179
263
296
346
319
327
349
316
260
223
297
347
302
310
317
298
280
352
322
204
156
199
319
303
260
326
410
443
353
317
284
174
160
226
286
363
413
458
401
289
241
227
214
202
257
307
280
256
278
311
280
264
310
353
337
271
226
250
257
211
193
276
288
167
151
224
263
323
334
324
261
187
137
74
131
228
320
308
231
201
174
100
10
70
169
235
271
260
150
48
35
95
106
136
199
240
173
91
80
90
81
7
17
80
170
158
59
46
106
183
93
9
-2
8
35
11
18
37
19
-8
-3
65
135
53
-24
-14
49
73
36
-65
-79
13
73
40
10
37
-4
-71
-62
-5
32
26
8
-30
-96
-123
-82
0
77
67
22
-2
-54
-100
-82
-10
80
92
15
-115
-238
-190
-58
30
78
64
-2
-62
-117
-87
-5
6
-4
-31
-88
-125
-106
-137
-142
-66
77
135
152
39
-122
-186
-128
-40
-56
-42
104
162
2
-192
-270
-152
-45
-26
62
175
102
-71
-141
-162
-143
-126
-45
87
70
-11
-54
-93
-177
-232
-162
-26
32
49
33
-40
-132
-216
-271
-221
-121
-55
-67
-100
-90
-117
-141
-163
-209
-178
-128
-122
-178
-200
-194
-163
-125
-100
-50
-96
-189
-309
-228
-185
-224
-212
-113
-74
-134
-233
-299
-311
-278
-248
-203
-195
-202
-235
-303
-276
-235
-257
-276
-258
-242
-298
-305
-259
-216
-221
-256
-260
-248
-245
-297
-334
-340
-371
-344
-329
-342
-363
-360
-308
-241
-214
-271
-323
-317
-335
-362
-387
-400
-371
-330
-247
-211
-266
-296
-305
-313
-365
-439
-429
-311
-263
-249
-262
-298
-331
-341
-314
-290
-312
-306
-288
-315
-361
-379
-352
-306
-275
-302
-297
-275
-338
-275
-251
-363
-411
-368
-329
-389
-378
-328
-283
-291
-358
-367
-343
-336
-317
-249
-312
-419
-462
-449
-413
-402
-312
-276
-309
-319
-364
-372
-365
-371
-353
-292
-284
-351
-360
-368
-390
-371
-365
-338
-313
-291
-303
-328
-297
-285
-310
-334
-355
-373
-406
-437
-416
-360
-336
-358
-339
-333
-306
-271
-275
-287
-343
-384
-377
-358
-340
-313
-267
-273
-289
-345
-367
-361
-355
-328
-293
-243
-289
-295
-333
-379
-385
-369
-313
-306
-260
-229
-290
-314
-336
-317
-286
-291
-326
-348
-310
-315
-374
-398
-316
-261
-331
-322
-298
-320
-314
-308
-313
-338
-325
-313
-323
-375
-427
-353
-283
-292
-300
-263
-269
-300
-316
-331
-335
-314
-280
-267
-246
-264
-316
-338
-344
-362
-367
-342
-274
-244
-271
-279
-286
-305
-287
-292
-327
-314
-285
-229
-188
-270
-281
-311
-338
-314
-247
-220
-294
-324
-297
-273
-266
-299
-317
-322
-287
-237
-270
-276
-281
-276
-263
-242
-208
-221
-276
-313
-239
-229
-274
-266
-244
-198
-167
-183
-229
-235
-219
-214
-210
-198
-208
-239
-243
-253
-201
-149
-155
-186
-213
-208
-212
-166
-160
-155
-140
-199
-223
-186
-125
-166
-233
-206
-182
-204
-223
-205
-167
-182
-195
-191
-150
-145
-191
-209
-159
-113
-119
-169
-188
-170
-186
-181
-168
-164
-146
-170
-161
-148
-141
-143
-157
-179
-172
-134
-73
-114
-121
-115
-121
-148
-143
-139
-118
-152
-202
-156
-88
-61
-69
-91
-124
-167
-129
-104
-100
-104
-145
-118
-113
-144
-148
-92
-18
-88
-151
-94
-42
-75
-156
-145
-75
-84
-174
-210
-155
-85
-76
-117
-110
-64
-70
-120
-126
-70
-48
-109
-150
-113
-52
-60
-97
-91
-122
-127
-92
-61
-116
-109
-8
-22
-88
-52
-19
-9
-54
-95
-58
-52
-108
-130
-149
-180
-196
-161
-93
-3
33
44
-6
-33
-41
-93
-126
-58
5
-69
-119
-92
-51
-29
-62
-31
7
2
-11
-23
-33
-16
30
76
70
-13
-73
-40
30
21
-36
16
62
93
88
53
84
96
78
81
60
78
106
116
113
67
21
64
102
107
85
131
162
124
78
134
171
125
131
147
152
139
151
200
194
176
226
259
228
178
159
215
237
149
161
216
246
237
196
218
264
270
232
207
211
215
218
270
322
248
158
170
247
257
284
227
145
156
246
258
203
193
238
312
342
242
176
188
243
253
244
252
259
292
274
279
304
263
236
241
309
299
236
293
345
339
283
246
279
322
338
313
300
279
289
341
393
292
249
288
300
289
279
306
282
230
318
378
345
315
288
345
338
237
251
317
377
344
334
343
335
328
374
430
408
347
339
332
313
356
394
369
373
402
392
340
303
349
405
383
337
393
415
369
363
368
353
340
328
303
334
397
442
385
363
369
301
274
298
380
369
339
348
356
363
302
294
331
325
294
299
345
376
349
354
385
356
338
328
307
277
265
321
345
293
232
273
385
369
326
287
323
312
262
235
211
248
281
312
339
334
284
278
272
200
230
257
281
229
155
165
210
284
214
151
192
214
195
201
228
162
135
159
152
171
189
151
126
167
151
136
105
93
103
148
216
153
96
133
179
185
102
66
121
151
142
101
79
98
104
77
102
124
136
118
87
99
96
106
103
73
85
103
86
83
90
83
49
44
103
111
133
87
93
131
106
75
46
49
32
17
47
76
51
13
48
61
65
90
73
39
52
64
39
49
58
28
32
50
88
103
35
-35
-8
33
55
22
4
31
77
95
34
26
63
69
13
-9
37
80
42
-34
21
71
80
72
50
69
38
11
6
65
106
54
8
64
86
-2
-62
-29
61
97
-2
-94
-10
45
15
-12
12
94
17
-53
10
51
-1
-34
-3
2
-3
-7
31
-4
-8
13
-21
-8
-4
-38
-79
-41
5
36
-25
-49
-12
-45
-63
-58
-43
-39
-27
-37
-13
15
-19
-32
-44
-3
24
19
-3
-41
-66
-35
-6
-9
-26
-47
-17
-21
-39
-70
-99
-74
-22
60
5
-85
-97
24
72
-1
-67
-55
-22
-12
-3
-11
26
7
-36
-9
-24
-92
-162
-99
-9
-45
-78
-68
-41
-82
-75
-29
-23
-18
-33
-74
-101
-96
-65
-77
-111
-80
-68
-78
-33
-39
-111
-141
-132
-108
-101
-107
-89
-94
-119
-115
-77
-92
-105
-117
-173
-197
-175
-169
-163
-168
-143
-102
-118
-194
-227
-217
-172
-180
-187
-168
-211
-206
-160
-191
-218
-233
-220
-224
-265
-270
-295
-291
-262
-228
-224
-236
-277
-272
-196
-207
-277
-322
-314
-262
-243
-261
-266
-231
-190
-206
-272
-317
-260
-163
-150
-210
-243
-293
-248
-240
-247
-241
-173
-128
-185
-267
-278
-188
-152
-207
-257
-175
-120
-150
-177
-234
-227
-166
-158
-136
-169
-175
-137
-122
-109
-105
-108
-70
-65
-106
-156
-137
-106
-122
-107
-85
-106
-88
-43
-25
-63
-129
-102
-78
-41
-8
-26
-64
-89
-85
-64
-82
-72
-26
35
59
-8
-90
-101
-71
-44
-68
-61
-15
-58
-63
-28
-6
-35
-60
-77
-56
-15
16
0
-56
-63
-30
-12
-7
-2
11
23
5
-47
-54
-21
47
92
35
-2
4
35
30
45
4
-46
-27
-45
5
38
7
2
48
104
22
-55
-25
20
12
-10
-16
-34
16
22
4
31
16
-52
-42
-33
-41
-4
29
-2
-85
-73
-18
-28
-73
-49
3
-3
-46
-73
-48
-52
-23
11
-20
-16
-13
-23
-51
-48
-17
12
-6
-58
-51
-5
13
-37
-83
-15
30
6
-16
-10
-28
-1
-16
-29
-25
0
-10
-50
-23
-38
-60
-31
10
-6
-31
37
67
40
-1
-23
-17
26
87
46
39
20
2
18
-7
-29
-25
0
17
8
26
28
-6
-11
30
35
70
92
80
24
-33
-40
-46
-15
1
26
39
35
69
65
10
-42
-61
-30
20
26
-30
-67
-34
9
25
40
-1
-28
-13
9
-20
-61
0
8
-29
4
85
52
-58
-72
-6
30
-3
-53
-62
-5
-12
-45
-27
-22
-37
-96
-88
-6
49
59
-4
-28
-6
27
21
-51
-61
-16
41
48
-13
11
63
82
51
-32
-68
-57
-87
-96
-22
48
3
-38
-60
-27
-33
-94
-118
-125
-119
-51
-42
-99
-121
-102
-59
-75
-110
-123
-85
-60
-91
-53
-48
-52
-64
-120
-161
-168
-107
-33
17
44
118
188
288
327
291
258
288
351
408
341
241
228
264
253
243
216
175
108
99
156
74
-69
-127
-75
-59
-102
-141
-177
-188
-138
-93
-150
-232
-221
-171
-126
-118
-125
-79
-97
-135
-130
-134
-146
-156
-104
-37
-28
-69
-121
-75
-32
-48
-124
-113
-103
-76
-52
-74
-68
-62
-57
-103
-109
-59
-105
-123
-118
-93
-62
-24
-19
-60
-87
-62
-12
-6
-24
-19
6
-25
-71
-77
-5
25
52
60
8
14
45
50
35
4
16
6
37
83
65
70
65
87
75
19
-5
17
91
101
38
14
21
67
85
35
2
45
61
26
4
0
18
8
5
46
89
62
27
49
87
52
2
8
64
71
38
-5
33
109
120
70
79
103
66
60
103
130
115
56
64
71
77
71
66
71
49
95
77
61
86
45
18
43
74
53
35
52
98
117
99
38
30
82
63
32
48
33
55
84
94
97
82
57
74
83
47
-9
-16
45
86
64
18
36
108
138
75
34
71
104
61
11
30
48
32
27
77
123
92
54
59
90
61
27
23
35
53
63
54
36
53
47
16
12
75
66
-8
2
84
73
-17
-53
24
74
47
6
13
46
52
-9
-1
66
57
16
9
3
21
5
-10
31
36
31
27
23
33
50
41
0
18
68
87
44
60
65
24
19
4
-27
-23
33
57
5
11
79
70
-20
-8
69
99
-19
-35
67
106
46
-53
-40
-4
51
61
52
44
7
26
57
95
49
-19
-10
14
51
32
-11
-16
-1
3
7
56
102
71
55
50
28
32
42
66
94
76
31
-25
-32
14
70
63
30
73
100
75
53
32
29
32
66
116
97
16
5
55
64
72
65
98
104
66
51
64
119
82
49
67
105
140
72
42
124
201
171
53
69
171
184
51
34
115
129
37
49
170
154
111
124
160
149
119
128
120
142
175
169
119
100
106
144
159
118
156
202
196
169
93
60
150
162
107
117
144
152
130
97
79
84
130
186
149
61
49
148
214
202
147
137
110
86
93
112
118
102
107
120
124
114
111
83
80
132
110
104
147
174
118
81
87
93
109
104
91
103
128
83
52
113
154
117
71
65
38
33
83
77
34
39
85
79
18
-23
74
140
56
1
31
58
17
24
-9
-40
32
122
134
-9
-106
-18
95
52
-14
22
77
47
20
-4
-41
-87
-69
-42
-27
-14
-77
-122
-65
32
19
-114
-131
-83
-40
-27
-63
-74
-64
-55
-79
-86
-80
-49
-99
-132
-126
-153
-138
-116
-137
-127
-75
-82
-115
-146
-151
-116
-129
-167
-213
-157
-90
-99
-140
-147
-153
-196
-201
-155
-74
-107
-177
-204
-163
-96
-51
-92
-189
-176
-116
-149
-219
-210
-136
-106
-133
-141
-104
-71
-139
-221
-210
-140
-131
-139
-146
-113
-57
-124
-187
-179
-112
-103
-160
-167
-148
-117
-122
-157
-188
-167
-149
-139
-118
-143
-160
-163
-145
-128
-134
-144
-122
-81
-149
-194
-170
-177
-144
-101
-106
-182
-171
-121
-130
-154
-161
-180
-211
-216
-170
-201
-239
-224
-156
-106
-169
-226
-174
-128
-171
-243
-233
-188
-196
-218
-224
-230
-192
-187
-228
-255
-230
-180
-186
-229
-290
-347
-325
-237
-225
-236
-246
-273
-265
-272
-291
-309
-271
-286
-336
-342
-324
-297
-272
-331
-355
-303
-284
-327
-377
-358
-315
-310
-325
-384
-376
-339
-320
-338
-333
-328
-359
-347
-322
-346
-380
-402
-381
-332
-378
-434
-382
-321
-345
-382
-336
-318
-334
-380
-423
-385
-350
-363
-367
-349
-311
-336
-367
-346
-312
-325
-346
-321
-324
-370
-364
-358
-331
-306
-293
-281
-337
-313
-261
-294
-288
-283
-268
-264
-293
-268
-223
-266
-304
-289
-248
-187
-211
-204
-223
-279
-286
-253
-210
-183
-158
-217
-258
-206
-145
-169
-191
-172
-166
-161
-126
-122
-185
-230
-206
-184
-165
-147
-109
-74
-61
-99
-165
-247
-214
-104
-61
-48
-84
-73
-43
-88
-145
-138
-144
-63
-30
-100
-73
-97
-90
-29
-21
-58
-91
-85
-69
-44
-85
-123
-118
-87
-91
-101
-63
-17
-48
-75
-40
-44
-65
-75
-37
9
-22
-72
-53
3
10
29
-2
-63
-55
12
57
16
-21
-27
16
32
17
13
-16
-6
4
25
18
11
-14
-59
-3
34
15
-41
-34
67
81
68
32
-23
-73
-10
64
74
47
6
-16
3
34
50
35
13
42
76
45
-1
17
33
18
59
54
19
50
96
78
105
140
118
72
78
116
101
105
134
116
106
103
105
112
146
131
63
93
138
146
94
75
156
211
181
118
142
135
74
66
148
181
131
104
112
179
224
232
165
102
126
133
139
121
137
162
149
128
118
170
192
159
128
112
117
67
73
129
166
199
143
76
67
91
69
88
94
22
52
97
105
38
29
86
79
85
17
-10
31
53
7
-11
5
10
14
10
20
3
-43
-76
-58
-31
-36
-58
-62
-6
35
-32
-59
-18
-11
-17
-35
-62
-57
-35
-14
-24
-41
-32
-39
-77
-115
-39
-28
-78
-105
-48
